0.000000000000000000e+00
1.000333444481493880e-03
2.000666888962987760e-03
3.001000333444481423e-03
4.001333777925975520e-03
5.001667222407469617e-03
6.002000666888962846e-03
7.002334111370456075e-03
8.002667555851951040e-03
9.003001000333445136e-03
1.000333444481493923e-02
1.100366788929643160e-02
1.200400133377792569e-02
1.300433477825941979e-02
1.400466822274091215e-02
1.500500166722240625e-02
1.600533511170390208e-02
1.700566855618539444e-02
1.800600200066689027e-02
1.900633544514838263e-02
2.000666888962987847e-02
2.100700233411136736e-02
2.200733577859286319e-02
2.300766922307435555e-02
2.400800266755585138e-02
2.500833611203734375e-02
2.600866955651883958e-02
2.700900300100033541e-02
2.800933644548182430e-02
2.900966988996332013e-02
3.001000333444481250e-02
3.101033677892630833e-02
3.201067022340780416e-02
3.301100366788929652e-02
3.401133711237078888e-02
3.501167055685228124e-02
3.601200400133378055e-02
3.701233744581526597e-02
3.801267089029676527e-02
3.901300433477825763e-02
4.001333777925975693e-02
4.101367122374124236e-02
4.201400466822273472e-02
4.301433811270422708e-02
4.401467155718572638e-02
4.501500500166721874e-02
4.601533844614871110e-02
4.701567189063021041e-02
4.801600533511170277e-02
4.901633877959319513e-02
5.001667222407468749e-02
5.101700566855618679e-02
5.201733911303767915e-02
5.301767255751917152e-02
5.401800600200067082e-02
5.501833944648216318e-02
5.601867289096364860e-02
5.701900633544514096e-02
5.801933977992664027e-02
5.901967322440813263e-02
6.002000666888962499e-02
6.102034011337111735e-02
6.202067355785261665e-02
6.302100700233410902e-02
6.402134044681560832e-02
6.502167389129709374e-02
6.602200733577859304e-02
6.702234078026009234e-02
6.802267422474157776e-02
6.902300766922307707e-02
7.002334111370456249e-02
7.102367455818606179e-02
7.202400800266756109e-02
7.302434144714904651e-02
7.402467489163053194e-02
7.502500833611203124e-02
7.602534178059353054e-02
7.702567522507501596e-02
7.802600866955651526e-02
7.902634211403801456e-02
8.002667555851951386e-02
8.102700900300099929e-02
8.202734244748248471e-02
8.302767589196398401e-02
8.402800933644546943e-02
8.502834278092696874e-02
8.602867622540845416e-02
8.702900966988996734e-02
8.802934311437145276e-02
8.902967655885295206e-02
9.003001000333443749e-02
9.103034344781593679e-02
9.203067689229742221e-02
9.303101033677893539e-02
9.403134378126042081e-02
9.503167722574192011e-02
9.603201067022340554e-02
9.703234411470489096e-02
9.803267755918639026e-02
9.903301100366787568e-02
1.000333444481493750e-01
1.010336778926308743e-01
1.020340113371123736e-01
1.030343447815938590e-01
1.040346782260753583e-01
1.050350116705568437e-01
1.060353451150383430e-01
1.070356785595198285e-01
1.080360120040013416e-01
1.090363454484828271e-01
1.100366788929643264e-01
1.110370123374458118e-01
1.120373457819272972e-01
1.130376792264087965e-01
1.140380126708902819e-01
1.150383461153717951e-01
1.160386795598532805e-01
1.170390130043347798e-01
1.180393464488162653e-01
1.190396798932977646e-01
1.200400133377792500e-01
1.210403467822607493e-01
1.220406802267422347e-01
1.230410136712237479e-01
1.240413471157052333e-01
1.250416805601867187e-01
1.260420140046682180e-01
1.270423474491497173e-01
1.280426808936312166e-01
1.290430143381126882e-01
1.300433477825941875e-01
1.310436812270756868e-01
1.320440146715571861e-01
1.330443481160386576e-01
1.340446815605201847e-01
1.350450150050016562e-01
1.360453484494831555e-01
1.370456818939646548e-01
1.380460153384461541e-01
1.390463487829276257e-01
1.400466822274091250e-01
1.410470156718906243e-01
1.420473491163721236e-01
1.430476825608536229e-01
1.440480160053351222e-01
1.450483494498165937e-01
1.460486828942980930e-01
1.470490163387795923e-01
1.480493497832610639e-01
1.490496832277425909e-01
1.500500166722240625e-01
1.510503501167055618e-01
1.520506835611870611e-01
1.530510170056685604e-01
1.540513504501500319e-01
1.550516838946315312e-01
1.560520173391130305e-01
1.570523507835945298e-01
1.580526842280760291e-01
1.590530176725575284e-01
1.600533511170390277e-01
1.610536845615204993e-01
1.620540180060019986e-01
1.630543514504834979e-01
1.640546848949649694e-01
1.650550183394464687e-01
1.660553517839279680e-01
1.670556852284094673e-01
1.680560186728909389e-01
1.690563521173724382e-01
1.700566855618539375e-01
1.710570190063354645e-01
1.720573524508169083e-01
1.730576858952984354e-01
1.740580193397799347e-01
1.750583527842614340e-01
1.760586862287429055e-01
1.770590196732244048e-01
1.780593531177059041e-01
1.790596865621873757e-01
1.800600200066688750e-01
1.810603534511503743e-01
1.820606868956318736e-01
1.830610203401133451e-01
1.840613537845948444e-01
1.850616872290763437e-01
1.860620206735578708e-01
1.870623541180393423e-01
1.880626875625208416e-01
1.890630210070023409e-01
1.900633544514838402e-01
1.910636878959653118e-01
1.920640213404468111e-01
1.930643547849283104e-01
1.940646882294097819e-01
1.950650216738912812e-01
1.960653551183727805e-01
1.970656885628542798e-01
1.980660220073357514e-01
1.990663554518172507e-01
2.000666888962987500e-01
2.010670223407802770e-01
2.020673557852617486e-01
2.030676892297432479e-01
2.040680226742247472e-01
2.050683561187062465e-01
2.060686895631877180e-01
2.070690230076692173e-01
2.080693564521507166e-01
2.090696898966321882e-01
2.100700233411136875e-01
2.110703567855951868e-01
2.120706902300766861e-01
2.130710236745581576e-01
2.140713571190396569e-01
2.150716905635211840e-01
2.160720240080026833e-01
2.170723574524841548e-01
2.180726908969656541e-01
2.190730243414471534e-01
2.200733577859286527e-01
2.210736912304101243e-01
2.220740246748916236e-01
2.230743581193731229e-01
2.240746915638545944e-01
2.250750250083360937e-01
2.260753584528175930e-01
2.270756918972990923e-01
2.280760253417805639e-01
2.290763587862620632e-01
2.300766922307435902e-01
2.310770256752250895e-01
2.320773591197065611e-01
2.330776925641880604e-01
2.340780260086695597e-01
2.350783594531510590e-01
2.360786928976325305e-01
2.370790263421140298e-01
2.380793597865955291e-01
2.390796932310770284e-01
2.400800266755585000e-01
2.410803601200399993e-01
2.420806935645214986e-01
2.430810270090029701e-01
2.440813604534844694e-01
2.450816938979659965e-01
2.460820273424474958e-01
2.470823607869289673e-01
2.480826942314104666e-01
2.490830276758919659e-01
2.500833611203734375e-01
2.510836945648549090e-01
2.520840280093364361e-01
2.530843614538179631e-01
2.540846948982994347e-01
2.550850283427809062e-01
2.560853617872624333e-01
2.570856952317439048e-01
2.580860286762253764e-01
2.590863621207069034e-01
2.600866955651883750e-01
2.610870290096699020e-01
2.620873624541513736e-01
2.630876958986328451e-01
2.640880293431143722e-01
2.650883627875958437e-01
2.660886962320773153e-01
2.670890296765588423e-01
2.680893631210403694e-01
2.690896965655218409e-01
2.700900300100033125e-01
2.710903634544848395e-01
2.720906968989663111e-01
2.730910303434477826e-01
2.740913637879293097e-01
2.750916972324107812e-01
2.760920306768923083e-01
2.770923641213737798e-01
2.780926975658552514e-01
2.790930310103367784e-01
2.800933644548182500e-01
2.810936978992997215e-01
2.820940313437812486e-01
2.830943647882627756e-01
2.840946982327442472e-01
2.850950316772257187e-01
2.860953651217072458e-01
2.870956985661887173e-01
2.880960320106702444e-01
2.890963654551517159e-01
2.900966988996331875e-01
2.910970323441147145e-01
2.920973657885961861e-01
2.930976992330776576e-01
2.940980326775591847e-01
2.950983661220406562e-01
2.960986995665221277e-01
2.970990330110036548e-01
2.980993664554851819e-01
2.990996998999666534e-01
3.001000333444481250e-01
3.011003667889296520e-01
3.021007002334111236e-01
3.031010336778926506e-01
3.041013671223741222e-01
3.051017005668555937e-01
3.061020340113371208e-01
3.071023674558185923e-01
3.081027009003000638e-01
3.091030343447815909e-01
3.101033677892630624e-01
3.111037012337445340e-01
3.121040346782260611e-01
3.131043681227075881e-01
3.141047015671890597e-01
3.151050350116705312e-01
3.161053684561520583e-01
3.171057019006335298e-01
3.181060353451150569e-01
3.191063687895965284e-01
3.201067022340780555e-01
3.211070356785594715e-01
3.221073691230409985e-01
3.231077025675224701e-01
3.241080360120039972e-01
3.251083694564854687e-01
3.261087029009669958e-01
3.271090363454485228e-01
3.281093697899299388e-01
3.291097032344114104e-01
3.301100366788929374e-01
3.311103701233744645e-01
3.321107035678559360e-01
3.331110370123374631e-01
3.341113704568189346e-01
3.351117039013004617e-01
3.361120373457818777e-01
3.371123707902634048e-01
3.381127042347448763e-01
3.391130376792264034e-01
3.401133711237078749e-01
3.411137045681894020e-01
3.421140380126709291e-01
3.431143714571523451e-01
3.441147049016338166e-01
3.451150383461153437e-01
3.461153717905968707e-01
3.471157052350783423e-01
3.481160386795598694e-01
3.491163721240413409e-01
3.501167055685228680e-01
3.511170390130042840e-01
3.521173724574858110e-01
3.531177059019672826e-01
3.541180393464488096e-01
3.551183727909302812e-01
3.561187062354118082e-01
3.571190396798933353e-01
3.581193731243747513e-01
3.591197065688562784e-01
3.601200400133377499e-01
3.611203734578192770e-01
3.621207069023007485e-01
3.631210403467822756e-01
3.641213737912637471e-01
3.651217072357452742e-01
3.661220406802266902e-01
3.671223741247082173e-01
3.681227075691896888e-01
3.691230410136712159e-01
3.701233744581526874e-01
3.711237079026342145e-01
3.721240413471157416e-01
3.731243747915971576e-01
3.741247082360786846e-01
3.751250416805601562e-01
3.761253751250416832e-01
3.771257085695231548e-01
3.781260420140046818e-01
3.791263754584861534e-01
3.801267089029676804e-01
3.811270423474490965e-01
3.821273757919306235e-01
3.831277092364120951e-01
3.841280426808936221e-01
3.851283761253750937e-01
3.861287095698566207e-01
3.871290430143381478e-01
3.881293764588195638e-01
3.891297099033010909e-01
3.901300433477825624e-01
3.911303767922640895e-01
3.921307102367455610e-01
3.931310436812270881e-01
3.941313771257085596e-01
3.951317105701900867e-01
3.961320440146715027e-01
3.971323774591530298e-01
3.981327109036345013e-01
3.991330443481160284e-01
4.001333777925974999e-01
4.011337112370790270e-01
4.021340446815605540e-01
4.031343781260419701e-01
4.041347115705234971e-01
4.051350450150049687e-01
4.061353784594864957e-01
4.071357119039679673e-01
4.081360453484494943e-01
4.091363787929309659e-01
4.101367122374124929e-01
4.111370456818939090e-01
4.121373791263754360e-01
4.131377125708569076e-01
4.141380460153384346e-01
4.151383794598199617e-01
4.161387129043014332e-01
4.171390463487829603e-01
4.181393797932643763e-01
4.191397132377459034e-01
4.201400466822273749e-01
4.211403801267089020e-01
4.221407135711903735e-01
4.231410470156719006e-01
4.241413804601533721e-01
4.251417139046348992e-01
4.261420473491163152e-01
4.271423807935978423e-01
4.281427142380793138e-01
4.291430476825608409e-01
4.301433811270423679e-01
4.311437145715238395e-01
4.321440480160053665e-01
4.331443814604867826e-01
4.341447149049683096e-01
4.351450483494497812e-01
4.361453817939313082e-01
4.371457152384127798e-01
4.381460486828943068e-01
4.391463821273757784e-01
4.401467155718573054e-01
4.411470490163387215e-01
4.421473824608202485e-01
4.431477159053017201e-01
4.441480493497832471e-01
4.451483827942647742e-01
4.461487162387462457e-01
4.471490496832277728e-01
4.481493831277091888e-01
4.491497165721907159e-01
4.501500500166721874e-01
4.511503834611537145e-01
4.521507169056351860e-01
4.531510503501167131e-01
4.541513837945981846e-01
4.551517172390797117e-01
4.561520506835611277e-01
4.571523841280426548e-01
4.581527175725241263e-01
4.591530510170056534e-01
4.601533844614871804e-01
4.611537179059686520e-01
4.621540513504501790e-01
4.631543847949316506e-01
4.641547182394131221e-01
4.651550516838945937e-01
4.661553851283761207e-01
4.671557185728575923e-01
4.681560520173391193e-01
4.691563854618205909e-01
4.701567189063021179e-01
4.711570523507835340e-01
4.721573857952650610e-01
4.731577192397465326e-01
4.741580526842280596e-01
4.751583861287095867e-01
4.761587195731910582e-01
4.771590530176725853e-01
4.781593864621540568e-01
4.791597199066355284e-01
4.801600533511169999e-01
4.811603867955985270e-01
4.821607202400799985e-01
4.831610536845615256e-01
4.841613871290429971e-01
4.851617205735245242e-01
4.861620540180059402e-01
4.871623874624874673e-01
4.881627209069689388e-01
4.891630543514504659e-01
4.901633877959319929e-01
4.911637212404134645e-01
4.921640546848949915e-01
4.931643881293764631e-01
4.941647215738579346e-01
4.951650550183394062e-01
4.961653884628209332e-01
4.971657219073024048e-01
4.981660553517839318e-01
4.991663887962654034e-01
5.001667222407468749e-01
5.011670556852283465e-01
5.021673891297098180e-01
5.031677225741914006e-01
5.041680560186728721e-01
5.051683894631543437e-01
5.061687229076359262e-01
5.071690563521173978e-01
5.081693897965988693e-01
5.091697232410803409e-01
5.101700566855618124e-01
5.111703901300432840e-01
5.121707235745248665e-01
5.131710570190063381e-01
5.141713904634878096e-01
5.151717239079692812e-01
5.161720573524507527e-01
5.171723907969322243e-01
5.181727242414138068e-01
5.191730576858952784e-01
5.201733911303767499e-01
5.211737245748583325e-01
5.221740580193398040e-01
5.231743914638212756e-01
5.241747249083027471e-01
5.251750583527842187e-01
5.261753917972656902e-01
5.271757252417472728e-01
5.281760586862287443e-01
5.291763921307102159e-01
5.301767255751916874e-01
5.311770590196731590e-01
5.321773924641546305e-01
5.331777259086362131e-01
5.341780593531176846e-01
5.351783927975991562e-01
5.361787262420807387e-01
5.371790596865622103e-01
5.381793931310436818e-01
5.391797265755251534e-01
5.401800600200066249e-01
5.411803934644880965e-01
5.421807269089696790e-01
5.431810603534511506e-01
5.441813937979326221e-01
5.451817272424140937e-01
5.461820606868955652e-01
5.471823941313770368e-01
5.481827275758586193e-01
5.491830610203400909e-01
5.501833944648215624e-01
5.511837279093031450e-01
5.521840613537846165e-01
5.531843947982660881e-01
5.541847282427475596e-01
5.551850616872290312e-01
5.561853951317105027e-01
5.571857285761920853e-01
5.581860620206735568e-01
5.591863954651550284e-01
5.601867289096364999e-01
5.611870623541179715e-01
5.621873957985994430e-01
5.631877292430810256e-01
5.641880626875624971e-01
5.651883961320439687e-01
5.661887295765255512e-01
5.671890630210070228e-01
5.681893964654884943e-01
5.691897299099699659e-01
5.701900633544514374e-01
5.711903967989329090e-01
5.721907302434144915e-01
5.731910636878959631e-01
5.741913971323774346e-01
5.751917305768589062e-01
5.761920640213404887e-01
5.771923974658218492e-01
5.781927309103034318e-01
5.791930643547849034e-01
5.801933977992663749e-01
5.811937312437479575e-01
5.821940646882294290e-01
5.831943981327109006e-01
5.841947315771923721e-01
5.851950650216738437e-01
5.861953984661553152e-01
5.871957319106368978e-01
5.881960653551183693e-01
5.891963987995998409e-01
5.901967322440813124e-01
5.911970656885628950e-01
5.921973991330442555e-01
5.931977325775258381e-01
5.941980660220073096e-01
5.951983994664887812e-01
5.961987329109703637e-01
5.971990663554518353e-01
5.981993997999333068e-01
5.991997332444147784e-01
6.002000666888962499e-01
6.012004001333777214e-01
6.022007335778593040e-01
6.032010670223407756e-01
6.042014004668222471e-01
6.052017339113037186e-01
6.062020673557853012e-01
6.072024008002666617e-01
6.082027342447482443e-01
6.092030676892297159e-01
6.102034011337111874e-01
6.112037345781927700e-01
6.122040680226742415e-01
6.132044014671557131e-01
6.142047349116371846e-01
6.152050683561186561e-01
6.162054018006001277e-01
6.172057352450817103e-01
6.182060686895631818e-01
6.192064021340446534e-01
6.202067355785261249e-01
6.212070690230077075e-01
6.222074024674890680e-01
6.232077359119706506e-01
6.242080693564521221e-01
6.252084028009335936e-01
6.262087362454151762e-01
6.272090696898966478e-01
6.282094031343781193e-01
6.292097365788595908e-01
6.302100700233410624e-01
6.312104034678225339e-01
6.322107369123041165e-01
6.332110703567855881e-01
6.342114038012670596e-01
6.352117372457485311e-01
6.362120706902301137e-01
6.372124041347115853e-01
6.382127375791930568e-01
6.392130710236746394e-01
6.402134044681561109e-01
6.412137379126374714e-01
6.422140713571189430e-01
6.432144048016004145e-01
6.442147382460819971e-01
6.452150716905634686e-01
6.462154051350449402e-01
6.472157385795265228e-01
6.482160720240079943e-01
6.492164054684894658e-01
6.502167389129709374e-01
6.512170723574525200e-01
6.522174058019339915e-01
6.532177392464154631e-01
6.542180726908970456e-01
6.552184061353785172e-01
6.562187395798598777e-01
6.572190730243413492e-01
6.582194064688228208e-01
6.592197399133044033e-01
6.602200733577858749e-01
6.612204068022673464e-01
6.622207402467489290e-01
6.632210736912304005e-01
6.642214071357118721e-01
6.652217405801933436e-01
6.662220740246749262e-01
6.672224074691563978e-01
6.682227409136378693e-01
6.692230743581194519e-01
6.702234078026009234e-01
6.712237412470822839e-01
6.722240746915637555e-01
6.732244081360452270e-01
6.742247415805268096e-01
6.752250750250082811e-01
6.762254084694897527e-01
6.772257419139713353e-01
6.782260753584528068e-01
6.792264088029342783e-01
6.802267422474157499e-01
6.812270756918973325e-01
6.822274091363788040e-01
6.832277425808602755e-01
6.842280760253418581e-01
6.852284094698233297e-01
6.862287429143046902e-01
6.872290763587861617e-01
6.882294098032676333e-01
6.892297432477492158e-01
6.902300766922306874e-01
6.912304101367121589e-01
6.922307435811937415e-01
6.932310770256752130e-01
6.942314104701566846e-01
6.952317439146381561e-01
6.962320773591197387e-01
6.972324108036012102e-01
6.982327442480826818e-01
6.992330776925642644e-01
7.002334111370457359e-01
7.012337445815270964e-01
7.022340780260085680e-01
7.032344114704901505e-01
7.042347449149716221e-01
7.052350783594530936e-01
7.062354118039345652e-01
7.072357452484161477e-01
7.082360786928976193e-01
7.092364121373790908e-01
7.102367455818605624e-01
7.112370790263421449e-01
7.122374124708236165e-01
7.132377459153050880e-01
7.142380793597866706e-01
7.152384128042681422e-01
7.162387462487495027e-01
7.172390796932309742e-01
7.182394131377125568e-01
7.192397465821940283e-01
7.202400800266754999e-01
7.212404134711569714e-01
7.222407469156385540e-01
7.232410803601200255e-01
7.242414138046014971e-01
7.252417472490829686e-01
7.262420806935645512e-01
7.272424141380460227e-01
7.282427475825274943e-01
7.292430810270090769e-01
7.302434144714905484e-01
7.312437479159719089e-01
7.322440813604533805e-01
7.332444148049349630e-01
7.342447482494164346e-01
7.352450816938979061e-01
7.362454151383793777e-01
7.372457485828609602e-01
7.382460820273424318e-01
7.392464154718239033e-01
7.402467489163053749e-01
7.412470823607869574e-01
7.422474158052684290e-01
7.432477492497499005e-01
7.442480826942314831e-01
7.452484161387129546e-01
7.462487495831943152e-01
7.472490830276757867e-01
7.482494164721573693e-01
7.492497499166388408e-01
7.502500833611203124e-01
7.512504168056017839e-01
7.522507502500833665e-01
7.532510836945648380e-01
7.542514171390463096e-01
7.552517505835277811e-01
7.562520840280093637e-01
7.572524174724908352e-01
7.582527509169723068e-01
7.592530843614538894e-01
7.602534178059353609e-01
7.612537512504167214e-01
7.622540846948981930e-01
7.632544181393797755e-01
7.642547515838612471e-01
7.652550850283427186e-01
7.662554184728241902e-01
7.672557519173057727e-01
7.682560853617872443e-01
7.692564188062687158e-01
7.702567522507501874e-01
7.712570856952317699e-01
7.722574191397132415e-01
7.732577525841947130e-01
7.742580860286762956e-01
7.752584194731577671e-01
7.762587529176391277e-01
7.772590863621205992e-01
7.782594198066021818e-01
7.792597532510836533e-01
7.802600866955651249e-01
7.812604201400465964e-01
7.822607535845281790e-01
7.832610870290096505e-01
7.842614204734911221e-01
7.852617539179725936e-01
7.862620873624541762e-01
7.872624208069356477e-01
7.882627542514171193e-01
7.892630876958987018e-01
7.902634211403801734e-01
7.912637545848615339e-01
7.922640880293430055e-01
7.932644214738245880e-01
7.942647549183060596e-01
7.952650883627875311e-01
7.962654218072690027e-01
7.972657552517505852e-01
7.982660886962320568e-01
7.992664221407135283e-01
8.002667555851949999e-01
8.012670890296765824e-01
8.022674224741580540e-01
8.032677559186395255e-01
8.042680893631211081e-01
8.052684228076025796e-01
8.062687562520839402e-01
8.072690896965654117e-01
8.082694231410469943e-01
8.092697565855284658e-01
8.102700900300099374e-01
8.112704234744914089e-01
8.122707569189729915e-01
8.132710903634544630e-01
8.142714238079359346e-01
8.152717572524174061e-01
8.162720906968989887e-01
8.172724241413804602e-01
8.182727575858619318e-01
8.192730910303435143e-01
8.202734244748249859e-01
8.212737579193063464e-01
8.222740913637878180e-01
8.232744248082694005e-01
8.242747582527508721e-01
8.252750916972323436e-01
8.262754251417138152e-01
8.272757585861953977e-01
8.282760920306768693e-01
8.292764254751583408e-01
8.302767589196399234e-01
8.312770923641213949e-01
8.322774258086028665e-01
8.332777592530843380e-01
8.342780926975659206e-01
8.352784261420473921e-01
8.362787595865287527e-01
8.372790930310102242e-01
8.382794264754918068e-01
8.392797599199732783e-01
8.402800933644547499e-01
8.412804268089362214e-01
8.422807602534178040e-01
8.432810936978992755e-01
8.442814271423807471e-01
8.452817605868623296e-01
8.462820940313438012e-01
8.472824274758252727e-01
8.482827609203067443e-01
8.492830943647883268e-01
8.502834278092697984e-01
8.512837612537511589e-01
8.522840946982326304e-01
8.532844281427142130e-01
8.542847615871956846e-01
8.552850950316771561e-01
8.562854284761586277e-01
8.572857619206402102e-01
8.582860953651216818e-01
8.592864288096031533e-01
8.602867622540847359e-01
8.612870956985662074e-01
8.622874291430476790e-01
8.632877625875291505e-01
8.642880960320107331e-01
8.652884294764922046e-01
8.662887629209735652e-01
8.672890963654550367e-01
8.682894298099366193e-01
8.692897632544180908e-01
8.702900966988995624e-01
8.712904301433810339e-01
8.722907635878626165e-01
8.732910970323440880e-01
8.742914304768255596e-01
8.752917639213071421e-01
8.762920973657886137e-01
8.772924308102700852e-01
8.782927642547515568e-01
8.792930976992331393e-01
8.802934311437146109e-01
8.812937645881959714e-01
8.822940980326774429e-01
8.832944314771590255e-01
8.842947649216404971e-01
8.852950983661219686e-01
8.862954318106034401e-01
8.872957652550850227e-01
8.882960986995664943e-01
8.892964321440479658e-01
8.902967655885295484e-01
8.912970990330110199e-01
8.922974324774924915e-01
8.932977659219739630e-01
8.942980993664555456e-01
8.952984328109370171e-01
8.962987662554183776e-01
8.972990996998998492e-01
8.982994331443814318e-01
8.992997665888629033e-01
9.003001000333443749e-01
9.013004334778258464e-01
9.023007669223074290e-01
9.033011003667889005e-01
9.043014338112703721e-01
9.053017672557519546e-01
9.063021007002334262e-01
9.073024341447148977e-01
9.083027675891963693e-01
9.093031010336779518e-01
9.103034344781594234e-01
9.113037679226408949e-01
9.123041013671222554e-01
9.133044348116038380e-01
9.143047682560853096e-01
9.153051017005667811e-01
9.163054351450482526e-01
9.173057685895298352e-01
9.183061020340113068e-01
9.193064354784927783e-01
9.203067689229743609e-01
9.213071023674558324e-01
9.223074358119373040e-01
9.233077692564187755e-01
9.243081027009003581e-01
9.253084361453818296e-01
9.263087695898633012e-01
9.273091030343446617e-01
9.283094364788262443e-01
9.293097699233077158e-01
9.303101033677891873e-01
9.313104368122706589e-01
9.323107702567522415e-01
9.333111037012337130e-01
9.343114371457151845e-01
9.353117705901967671e-01
9.363121040346782387e-01
9.373124374791597102e-01
9.383127709236411818e-01
9.393131043681227643e-01
9.403134378126042359e-01
9.413137712570857074e-01
9.423141047015670679e-01
9.433144381460486505e-01
9.443147715905301220e-01
9.453151050350115936e-01
9.463154384794930651e-01
9.473157719239746477e-01
9.483161053684561193e-01
9.493164388129375908e-01
9.503167722574191734e-01
9.513171057019006449e-01
9.523174391463821165e-01
9.533177725908635880e-01
9.543181060353451706e-01
9.553184394798266421e-01
9.563187729243081137e-01
9.573191063687894742e-01
9.583194398132710567e-01
9.593197732577525283e-01
9.603201067022339998e-01
9.613204401467154714e-01
9.623207735911970540e-01
9.633211070356785255e-01
9.643214404801599970e-01
9.653217739246415796e-01
9.663221073691230512e-01
9.673224408136045227e-01
9.683227742580859942e-01
9.693231077025675768e-01
9.703234411470490484e-01
9.713237745915305199e-01
9.723241080360118804e-01
9.733244414804934630e-01
9.743247749249749345e-01
9.753251083694564061e-01
9.763254418139378776e-01
9.773257752584194602e-01
9.783261087029009317e-01
9.793264421473824033e-01
9.803267755918639859e-01
9.813271090363454574e-01
9.823274424808269289e-01
9.833277759253084005e-01
9.843281093697899831e-01
9.853284428142714546e-01
9.863287762587529262e-01
9.873291097032342867e-01
9.883294431477158692e-01
9.893297765921973408e-01
9.903301100366788123e-01
9.913304434811602839e-01
9.923307769256418664e-01
9.933311103701233380e-01
9.943314438146048095e-01
9.953317772590863921e-01
9.963321107035678637e-01
9.973324441480493352e-01
9.983327775925308067e-01
9.993331110370123893e-01
1.000333444481493750e+00
1.001333777925975443e+00
1.002334111370456693e+00
1.003334444814938164e+00
1.004334778259419636e+00
1.005335111703901330e+00
1.006335445148382801e+00
1.007335778592864273e+00
1.008336112037345744e+00
1.009336445481827216e+00
1.010336778926308687e+00
1.011337112370790159e+00
1.012337445815271852e+00
1.013337779259753324e+00
1.014338112704234796e+00
1.015338446148716267e+00
1.016338779593197739e+00
1.017339113037679210e+00
1.018339446482160682e+00
1.019339779926642153e+00
1.020340113371123625e+00
1.021340446815605096e+00
1.022340780260086568e+00
1.023341113704568039e+00
1.024341447149049733e+00
1.025341780593531205e+00
1.026342114038012676e+00
1.027342447482494148e+00
1.028342780926975619e+00
1.029343114371457091e+00
1.030343447815938562e+00
1.031343781260420256e+00
1.032344114704901505e+00
1.033344448149382977e+00
1.034344781593864449e+00
1.035345115038346142e+00
1.036345448482827614e+00
1.037345781927309085e+00
1.038346115371790557e+00
1.039346448816272028e+00
1.040346782260753500e+00
1.041347115705234971e+00
1.042347449149716665e+00
1.043347782594198137e+00
1.044348116038679608e+00
1.045348449483161080e+00
1.046348782927642551e+00
1.047349116372124023e+00
1.048349449816605494e+00
1.049349783261086966e+00
1.050350116705568437e+00
1.051350450150049909e+00
1.052350783594531380e+00
1.053351117039012852e+00
1.054351450483494546e+00
1.055351783927976017e+00
1.056352117372457489e+00
1.057352450816938960e+00
1.058352784261420432e+00
1.059353117705901903e+00
1.060353451150383375e+00
1.061353784594865068e+00
1.062354118039346318e+00
1.063354451483827789e+00
1.064354784928309261e+00
1.065355118372790955e+00
1.066355451817272426e+00
1.067355785261753898e+00
1.068356118706235369e+00
1.069356452150716841e+00
1.070356785595198312e+00
1.071357119039679784e+00
1.072357452484161477e+00
1.073357785928642949e+00
1.074358119373124421e+00
1.075358452817605892e+00
1.076358786262087364e+00
1.077359119706568835e+00
1.078359453151050307e+00
1.079359786595531778e+00
1.080360120040013250e+00
1.081360453484494721e+00
1.082360786928976193e+00
1.083361120373457664e+00
1.084361453817939358e+00
1.085361787262420830e+00
1.086362120706902301e+00
1.087362454151383773e+00
1.088362787595865244e+00
1.089363121040346716e+00
1.090363454484828187e+00
1.091363787929309881e+00
1.092364121373791130e+00
1.093364454818272602e+00
1.094364788262754074e+00
1.095365121707235767e+00
1.096365455151717239e+00
1.097365788596198710e+00
1.098366122040680182e+00
1.099366455485161653e+00
1.100366788929643125e+00
1.101367122374124596e+00
1.102367455818606290e+00
1.103367789263087761e+00
1.104368122707569233e+00
1.105368456152050705e+00
1.106368789596532176e+00
1.107369123041013648e+00
1.108369456485495119e+00
1.109369789929976591e+00
1.110370123374458062e+00
1.111370456818939534e+00
1.112370790263421005e+00
1.113371123707902477e+00
1.114371457152384171e+00
1.115371790596865642e+00
1.116372124041347114e+00
1.117372457485828585e+00
1.118372790930310057e+00
1.119373124374791528e+00
1.120373457819273000e+00
1.121373791263754693e+00
1.122374124708235943e+00
1.123374458152717414e+00
1.124374791597198886e+00
1.125375125041680580e+00
1.126375458486162051e+00
1.127375791930643523e+00
1.128376125375124994e+00
1.129376458819606466e+00
1.130376792264087937e+00
1.131377125708569409e+00
1.132377459153051102e+00
1.133377792597532574e+00
1.134378126042014046e+00
1.135378459486495517e+00
1.136378792930976989e+00
1.137379126375458460e+00
1.138379459819939932e+00
1.139379793264421403e+00
1.140380126708902875e+00
1.141380460153384346e+00
1.142380793597865818e+00
1.143381127042347289e+00
1.144381460486828983e+00
1.145381793931310455e+00
1.146382127375791926e+00
1.147382460820273398e+00
1.148382794264754869e+00
1.149383127709236341e+00
1.150383461153717812e+00
1.151383794598199506e+00
1.152384128042680977e+00
1.153384461487162227e+00
1.154384794931643698e+00
1.155385128376125392e+00
1.156385461820606864e+00
1.157385795265088335e+00
1.158386128709569807e+00
1.159386462154051278e+00
1.160386795598532750e+00
1.161387129043014221e+00
1.162387462487495915e+00
1.163387795931977386e+00
1.164388129376458858e+00
1.165388462820940330e+00
1.166388796265421801e+00
1.167389129709903273e+00
1.168389463154384744e+00
1.169389796598866216e+00
1.170390130043347687e+00
1.171390463487829159e+00
1.172390796932310630e+00
1.173391130376792102e+00
1.174391463821273796e+00
1.175391797265755267e+00
1.176392130710236739e+00
1.177392464154718210e+00
1.178392797599199682e+00
1.179393131043681153e+00
1.180393464488162625e+00
1.181393797932644318e+00
1.182394131377125790e+00
1.183394464821607039e+00
1.184394798266088511e+00
1.185395131710570205e+00
1.186395465155051676e+00
1.187395798599533148e+00
1.188396132044014619e+00
1.189396465488496091e+00
1.190396798932977562e+00
1.191397132377459034e+00
1.192397465821940727e+00
1.193397799266422199e+00
1.194398132710903671e+00
1.195398466155385142e+00
1.196398799599866614e+00
1.197399133044348085e+00
1.198399466488829557e+00
1.199399799933311028e+00
1.200400133377792500e+00
1.201400466822273971e+00
1.202400800266755443e+00
1.203401133711236914e+00
1.204401467155718608e+00
1.205401800600200080e+00
1.206402134044681551e+00
1.207402467489163023e+00
1.208402800933644494e+00
1.209403134378125966e+00
1.210403467822607437e+00
1.211403801267089131e+00
1.212404134711570602e+00
1.213404468156051852e+00
1.214404801600533323e+00
1.215405135045015017e+00
1.216405468489496489e+00
1.217405801933977960e+00
1.218406135378459432e+00
1.219406468822940903e+00
1.220406802267422375e+00
1.221407135711903846e+00
1.222407469156385540e+00
1.223407802600867011e+00
1.224408136045348483e+00
1.225408469489829955e+00
1.226408802934311426e+00
1.227409136378792898e+00
1.228409469823274369e+00
1.229409803267755841e+00
1.230410136712237312e+00
1.231410470156718784e+00
1.232410803601200255e+00
1.233411137045681727e+00
1.234411470490163421e+00
1.235411803934644892e+00
1.236412137379126364e+00
1.237412470823607835e+00
1.238412804268089307e+00
1.239413137712570778e+00
1.240413471157052250e+00
1.241413804601533943e+00
1.242414138046015415e+00
1.243414471490496664e+00
1.244414804934978136e+00
1.245415138379459830e+00
1.246415471823941301e+00
1.247415805268422773e+00
1.248416138712904244e+00
1.249416472157385716e+00
1.250416805601867187e+00
1.251417139046348659e+00
1.252417472490830352e+00
1.253417805935311824e+00
1.254418139379793296e+00
1.255418472824274767e+00
1.256418806268756239e+00
1.257419139713237710e+00
1.258419473157719182e+00
1.259419806602200653e+00
1.260420140046682125e+00
1.261420473491163596e+00
1.262420806935645068e+00
1.263421140380126539e+00
1.264421473824608233e+00
1.265421807269089705e+00
1.266422140713571176e+00
1.267422474158052648e+00
1.268422807602534119e+00
1.269423141047015591e+00
1.270423474491497062e+00
1.271423807935978756e+00
1.272424141380460227e+00
1.273424474824941699e+00
1.274424808269423171e+00
1.275425141713904642e+00
1.276425475158386114e+00
1.277425808602867585e+00
1.278426142047349279e+00
1.279426475491830750e+00
1.280426808936312222e+00
1.281427142380793471e+00
1.282427475825274943e+00
1.283427809269756414e+00
1.284428142714237886e+00
1.285428476158719358e+00
1.286428809603200829e+00
1.287429143047682523e+00
1.288429476492163994e+00
1.289429809936645466e+00
1.290430143381126937e+00
1.291430476825608409e+00
1.292430810270089880e+00
1.293431143714571352e+00
1.294431477159053046e+00
1.295431810603534517e+00
1.296432144048015989e+00
1.297432477492497460e+00
1.298432810936978932e+00
1.299433144381460403e+00
1.300433477825941875e+00
1.301433811270423568e+00
1.302434144714905040e+00
1.303434478159386511e+00
1.304434811603867983e+00
1.305435145048349455e+00
1.306435478492830926e+00
1.307435811937312398e+00
1.308436145381794091e+00
1.309436478826275563e+00
1.310436812270757034e+00
1.311437145715238284e+00
1.312437479159719755e+00
1.313437812604201227e+00
1.314438146048682698e+00
1.315438479493164170e+00
1.316438812937645642e+00
1.317439146382127335e+00
1.318439479826608807e+00
1.319439813271090278e+00
1.320440146715571750e+00
1.321440480160053221e+00
1.322440813604534693e+00
1.323441147049016164e+00
1.324441480493497858e+00
1.325441813937979330e+00
1.326442147382460801e+00
1.327442480826942273e+00
1.328442814271423744e+00
1.329443147715905216e+00
1.330443481160386687e+00
1.331443814604868381e+00
1.332444148049349852e+00
1.333444481493831324e+00
1.334444814938312796e+00
1.335445148382794267e+00
1.336445481827275739e+00
1.337445815271757210e+00
1.338446148716238904e+00
1.339446482160720375e+00
1.340446815605201847e+00
1.341447149049683096e+00
1.342447482494164568e+00
1.343447815938646039e+00
1.344448149383127511e+00
1.345448482827608983e+00
1.346448816272090454e+00
1.347449149716572148e+00
1.348449483161053619e+00
1.349449816605535091e+00
1.350450150050016562e+00
1.351450483494498034e+00
1.352450816938979505e+00
1.353451150383460977e+00
1.354451483827942671e+00
1.355451817272424142e+00
1.356452150716905614e+00
1.357452484161387085e+00
1.358452817605868557e+00
1.359453151050350028e+00
1.360453484494831500e+00
1.361453817939313193e+00
1.362454151383794665e+00
1.363454484828276136e+00
1.364454818272757608e+00
1.365455151717239080e+00
1.366455485161720551e+00
1.367455818606202023e+00
1.368456152050683716e+00
1.369456485495165188e+00
1.370456818939646659e+00
1.371457152384127909e+00
1.372457485828609380e+00
1.373457819273090852e+00
1.374458152717572323e+00
1.375458486162053795e+00
1.376458819606535267e+00
1.377459153051016960e+00
1.378459486495498432e+00
1.379459819939979903e+00
1.380460153384461375e+00
1.381460486828942846e+00
1.382460820273424318e+00
1.383461153717905789e+00
1.384461487162387483e+00
1.385461820606868955e+00
1.386462154051350426e+00
1.387462487495831898e+00
1.388462820940313369e+00
1.389463154384794841e+00
1.390463487829276312e+00
1.391463821273758006e+00
1.392464154718239477e+00
1.393464488162720949e+00
1.394464821607202420e+00
1.395465155051683892e+00
1.396465488496165364e+00
1.397465821940646835e+00
1.398466155385128529e+00
1.399466488829610000e+00
1.400466822274091472e+00
1.401467155718572721e+00
1.402467489163054193e+00
1.403467822607535664e+00
1.404468156052017136e+00
1.405468489496498607e+00
1.406468822940980301e+00
1.407469156385461773e+00
1.408469489829943244e+00
1.409469823274424716e+00
1.410470156718906187e+00
1.411470490163387659e+00
1.412470823607869130e+00
1.413471157052350602e+00
1.414471490496832295e+00
1.415471823941313767e+00
1.416472157385795239e+00
1.417472490830276710e+00
1.418472824274758182e+00
1.419473157719239653e+00
1.420473491163721125e+00
1.421473824608202818e+00
1.422474158052684290e+00
1.423474491497165761e+00
1.424474824941647233e+00
1.425475158386128705e+00
1.426475491830610176e+00
1.427475825275091648e+00
1.428476158719573341e+00
1.429476492164054813e+00
1.430476825608536284e+00
1.431477159053017534e+00
1.432477492497499005e+00
1.433477825941980477e+00
1.434478159386461948e+00
1.435478492830943420e+00
1.436478826275425114e+00
1.437479159719906585e+00
1.438479493164388057e+00
1.439479826608869528e+00
1.440480160053351000e+00
1.441480493497832471e+00
1.442480826942313943e+00
1.443481160386795414e+00
1.444481493831277108e+00
1.445481827275758580e+00
1.446482160720240051e+00
1.447482494164721523e+00
1.448482827609202994e+00
1.449483161053684466e+00
1.450483494498165937e+00
1.451483827942647631e+00
1.452484161387129102e+00
1.453484494831610574e+00
1.454484828276092045e+00
1.455485161720573517e+00
1.456485495165054989e+00
1.457485828609536460e+00
1.458486162054018154e+00
1.459486495498499625e+00
1.460486828942981097e+00
1.461487162387462346e+00
1.462487495831943818e+00
1.463487829276425289e+00
1.464488162720906761e+00
1.465488496165388232e+00
1.466488829609869926e+00
1.467489163054351398e+00
1.468489496498832869e+00
1.469489829943314341e+00
1.470490163387795812e+00
1.471490496832277284e+00
1.472490830276758755e+00
1.473491163721240227e+00
1.474491497165721920e+00
1.475491830610203392e+00
1.476492164054684864e+00
1.477492497499166335e+00
1.478492830943647807e+00
1.479493164388129278e+00
1.480493497832610750e+00
1.481493831277092443e+00
1.482494164721573915e+00
1.483494498166055386e+00
1.484494831610536858e+00
1.485495165055018330e+00
1.486495498499499801e+00
1.487495831943981273e+00
1.488496165388462966e+00
1.489496498832944438e+00
1.490496832277425909e+00
1.491497165721907159e+00
1.492497499166388630e+00
1.493497832610870102e+00
1.494498166055351573e+00
1.495498499499833045e+00
1.496498832944314739e+00
1.497499166388796210e+00
1.498499499833277682e+00
1.499499833277759153e+00
1.500500166722240625e+00
1.501500500166722096e+00
1.502500833611203568e+00
1.503501167055685039e+00
1.504501500500166733e+00
1.505501833944648205e+00
1.506502167389129676e+00
1.507502500833611148e+00
1.508502834278092619e+00
1.509503167722574091e+00
1.510503501167055562e+00
1.511503834611537256e+00
1.512504168056018727e+00
1.513504501500500199e+00
1.514504834944981670e+00
1.515505168389463142e+00
1.516505501833944614e+00
1.517505835278426085e+00
1.518506168722907779e+00
1.519506502167389250e+00
1.520506835611870722e+00
1.521507169056351971e+00
1.522507502500833443e+00
1.523507835945314914e+00
1.524508169389796386e+00
1.525508502834277857e+00
1.526508836278759551e+00
1.527509169723241023e+00
1.528509503167722494e+00
1.529509836612203966e+00
1.530510170056685437e+00
1.531510503501166909e+00
1.532510836945648380e+00
1.533511170390130074e+00
1.534511503834611545e+00
1.535511837279093017e+00
1.536512170723574489e+00
1.537512504168055960e+00
1.538512837612537432e+00
1.539513171057018903e+00
1.540513504501500375e+00
1.541513837945982068e+00
1.542514171390463540e+00
1.543514504834945011e+00
1.544514838279426483e+00
1.545515171723907955e+00
1.546515505168389426e+00
1.547515838612870898e+00
1.548516172057352591e+00
1.549516505501834063e+00
1.550516838946315534e+00
1.551517172390797006e+00
1.552517505835278255e+00
1.553517839279759727e+00
1.554518172724241198e+00
1.555518506168722670e+00
1.556518839613204364e+00
1.557519173057685835e+00
1.558519506502167307e+00
1.559519839946648778e+00
1.560520173391130250e+00
1.561520506835611721e+00
1.562520840280093193e+00
1.563521173724574886e+00
1.564521507169056358e+00
1.565521840613537830e+00
1.566522174058019301e+00
1.567522507502500773e+00
1.568522840946982244e+00
1.569523174391463716e+00
1.570523507835945187e+00
1.571523841280426881e+00
1.572524174724908352e+00
1.573524508169389824e+00
1.574524841613871295e+00
1.575525175058352767e+00
1.576525508502834239e+00
1.577525841947315710e+00
1.578526175391797404e+00
1.579526508836278875e+00
1.580526842280760347e+00
1.581527175725241818e+00
1.582527509169723068e+00
1.583527842614204539e+00
1.584528176058686011e+00
1.585528509503167482e+00
1.586528842947649176e+00
1.587529176392130648e+00
1.588529509836612119e+00
1.589529843281093591e+00
1.590530176725575062e+00
1.591530510170056534e+00
1.592530843614538005e+00
1.593531177059019699e+00
1.594531510503501170e+00
1.595531843947982642e+00
1.596532177392464114e+00
1.597532510836945585e+00
1.598532844281427057e+00
1.599533177725908528e+00
1.600533511170390000e+00
1.601533844614871693e+00
1.602534178059353165e+00
1.603534511503834636e+00
1.604534844948316108e+00
1.605535178392797580e+00
1.606535511837279051e+00
1.607535845281760523e+00
1.608536178726242216e+00
1.609536512170723688e+00
1.610536845615205159e+00
1.611537179059686631e+00
1.612537512504167880e+00
1.613537845948649352e+00
1.614538179393130823e+00
1.615538512837612295e+00
1.616538846282093989e+00
1.617539179726575460e+00
1.618539513171056932e+00
1.619539846615538403e+00
1.620540180060019875e+00
1.621540513504501346e+00
1.622540846948982818e+00
1.623541180393464511e+00
1.624541513837945983e+00
1.625541847282427455e+00
1.626542180726908926e+00
1.627542514171390398e+00
1.628542847615871869e+00
1.629543181060353341e+00
1.630543514504834812e+00
1.631543847949316506e+00
1.632544181393797977e+00
1.633544514838279449e+00
1.634544848282760920e+00
1.635545181727242392e+00
1.636545515171723864e+00
1.637545848616205335e+00
1.638546182060687029e+00
1.639546515505168500e+00
1.640546848949649972e+00
1.641547182394131443e+00
1.642547515838612693e+00
1.643547849283094164e+00
1.644548182727575636e+00
1.645548516172057107e+00
1.646548849616538801e+00
1.647549183061020273e+00
1.648549516505501744e+00
1.649549849949983216e+00
1.650550183394464687e+00
1.651550516838946159e+00
1.652550850283427630e+00
1.653551183727909324e+00
1.654551517172390795e+00
1.655551850616872267e+00
1.656552184061353739e+00
1.657552517505835210e+00
1.658552850950316682e+00
1.659553184394798153e+00
1.660553517839279847e+00
1.661553851283761318e+00
1.662554184728242790e+00
1.663554518172724261e+00
1.664554851617205733e+00
1.665555185061687204e+00
1.666555518506168676e+00
1.667555851950650148e+00
1.668556185395131841e+00
1.669556518839613313e+00
1.670556852284094784e+00
1.671557185728576256e+00
1.672557519173057505e+00
1.673557852617538977e+00
1.674558186062020448e+00
1.675558519506501920e+00
1.676558852950983614e+00
1.677559186395465085e+00
1.678559519839946557e+00
1.679559853284428028e+00
1.680560186728909500e+00
1.681560520173390971e+00
1.682560853617872443e+00
1.683561187062354136e+00
1.684561520506835608e+00
1.685561853951317079e+00
1.686562187395798551e+00
1.687562520840280023e+00
1.688562854284761494e+00
1.689563187729242966e+00
1.690563521173724659e+00
1.691563854618206131e+00
1.692564188062687602e+00
1.693564521507169074e+00
1.694564854951650545e+00
1.695565188396132017e+00
1.696565521840613489e+00
1.697565855285094960e+00
1.698566188729576654e+00
1.699566522174058125e+00
1.700566855618539597e+00
1.701567189063021068e+00
1.702567522507502318e+00
1.703567855951983789e+00
1.704568189396465261e+00
1.705568522840946732e+00
1.706568856285428426e+00
1.707569189729909898e+00
1.708569523174391369e+00
1.709569856618872841e+00
1.710570190063354312e+00
1.711570523507835784e+00
1.712570856952317255e+00
1.713571190396798949e+00
1.714571523841280420e+00
1.715571857285761892e+00
1.716572190730243364e+00
1.717572524174724835e+00
1.718572857619206307e+00
1.719573191063687778e+00
1.720573524508169472e+00
1.721573857952650943e+00
1.722574191397132415e+00
1.723574524841613886e+00
1.724574858286095358e+00
1.725575191730576829e+00
1.726575525175058301e+00
1.727575858619539773e+00
1.728576192064021466e+00
1.729576525508502938e+00
1.730576858952984409e+00
1.731577192397465881e+00
1.732577525841947130e+00
1.733577859286428602e+00
1.734578192730910073e+00
1.735578526175391545e+00
1.736578859619873239e+00
1.737579193064354710e+00
1.738579526508836182e+00
1.739579859953317653e+00
1.740580193397799125e+00
1.741580526842280596e+00
1.742580860286762068e+00
1.743581193731243761e+00
1.744581527175725233e+00
1.745581860620206704e+00
1.746582194064688176e+00
1.747582527509169648e+00
1.748582860953651119e+00
1.749583194398132591e+00
1.750583527842614284e+00
1.751583861287095756e+00
1.752584194731577227e+00
1.753584528176058699e+00
1.754584861620540170e+00
1.755585195065021642e+00
1.756585528509503114e+00
1.757585861953984585e+00
1.758586195398466279e+00
1.759586528842947750e+00
1.760586862287429222e+00
1.761587195731910693e+00
1.762587529176391943e+00
1.763587862620873414e+00
1.764588196065354886e+00
1.765588529509836357e+00
1.766588862954318051e+00
1.767589196398799523e+00
1.768589529843280994e+00
1.769589863287762466e+00
1.770590196732243937e+00
1.771590530176725409e+00
1.772590863621206880e+00
1.773591197065688574e+00
1.774591530510170045e+00
1.775591863954651517e+00
1.776592197399132989e+00
1.777592530843614460e+00
1.778592864288095932e+00
1.779593197732577403e+00
1.780593531177059097e+00
1.781593864621540568e+00
1.782594198066022040e+00
1.783594531510503511e+00
1.784594864954984983e+00
1.785595198399466454e+00
1.786595531843947926e+00
1.787595865288429620e+00
1.788596198732911091e+00
1.789596532177392563e+00
1.790596865621874034e+00
1.791597199066355506e+00
1.792597532510836755e+00
1.793597865955318227e+00
1.794598199399799698e+00
1.795598532844281170e+00
1.796598866288762864e+00
1.797599199733244335e+00
1.798599533177725807e+00
1.799599866622207278e+00
1.800600200066688750e+00
1.801600533511170221e+00
1.802600866955651693e+00
1.803601200400133386e+00
1.804601533844614858e+00
1.805601867289096329e+00
1.806602200733577801e+00
1.807602534178059273e+00
1.808602867622540744e+00
1.809603201067022216e+00
1.810603534511503909e+00
1.811603867955985381e+00
1.812604201400466852e+00
1.813604534844948324e+00
1.814604868289429795e+00
1.815605201733911267e+00
1.816605535178392739e+00
1.817605868622874432e+00
1.818606202067355904e+00
1.819606535511837375e+00
1.820606868956318847e+00
1.821607202400800318e+00
1.822607535845281790e+00
1.823607869289763039e+00
1.824608202734244511e+00
1.825608536178725982e+00
1.826608869623207676e+00
1.827609203067689148e+00
1.828609536512170619e+00
1.829609869956652091e+00
1.830610203401133562e+00
1.831610536845615034e+00
1.832610870290096505e+00
1.833611203734578199e+00
1.834611537179059670e+00
1.835611870623541142e+00
1.836612204068022614e+00
1.837612537512504085e+00
1.838612870956985557e+00
1.839613204401467028e+00
1.840613537845948722e+00
1.841613871290430193e+00
1.842614204734911665e+00
1.843614538179393136e+00
1.844614871623874608e+00
1.845615205068356079e+00
1.846615538512837551e+00
1.847615871957319245e+00
1.848616205401800716e+00
1.849616538846282188e+00
1.850616872290763659e+00
1.851617205735245131e+00
1.852617539179726602e+00
1.853617872624207852e+00
1.854618206068689323e+00
1.855618539513170795e+00
1.856618872957652489e+00
1.857619206402133960e+00
1.858619539846615432e+00
1.859619873291096903e+00
1.860620206735578375e+00
1.861620540180059846e+00
1.862620873624541318e+00
1.863621207069023011e+00
1.864621540513504483e+00
1.865621873957985954e+00
1.866622207402467426e+00
1.867622540846948898e+00
1.868622874291430369e+00
1.869623207735911841e+00
1.870623541180393534e+00
1.871623874624875006e+00
1.872624208069356477e+00
1.873624541513837949e+00
1.874624874958319420e+00
1.875625208402800892e+00
1.876625541847282364e+00
1.877625875291764057e+00
1.878626208736245529e+00
1.879626542180727000e+00
1.880626875625208472e+00
1.881627209069689943e+00
1.882627542514171415e+00
1.883627875958652664e+00
1.884628209403134136e+00
1.885628542847615607e+00
1.886628876292097301e+00
1.887629209736578773e+00
1.888629543181060244e+00
1.889629876625541716e+00
1.890630210070023187e+00
1.891630543514504659e+00
1.892630876958986130e+00
1.893631210403467824e+00
1.894631543847949295e+00
1.895631877292430767e+00
1.896632210736912239e+00
1.897632544181393710e+00
1.898632877625875182e+00
1.899633211070356653e+00
1.900633544514838347e+00
1.901633877959319818e+00
1.902634211403801290e+00
1.903634544848282761e+00
1.904634878292764233e+00
1.905635211737245704e+00
1.906635545181727176e+00
1.907635878626208870e+00
1.908636212070690341e+00
1.909636545515171813e+00
1.910636878959653284e+00
1.911637212404134756e+00
1.912637545848616227e+00
1.913637879293097477e+00
1.914638212737578948e+00
1.915638546182060420e+00
1.916638879626542113e+00
1.917639213071023585e+00
1.918639546515505057e+00
1.919639879959986528e+00
1.920640213404468000e+00
1.921640546848949471e+00
1.922640880293430943e+00
1.923641213737912636e+00
1.924641547182394108e+00
1.925641880626875579e+00
1.926642214071357051e+00
1.927642547515838523e+00
1.928642880960319994e+00
1.929643214404801466e+00
1.930643547849283159e+00
1.931643881293764631e+00
1.932644214738246102e+00
1.933644548182727574e+00
1.934644881627209045e+00
1.935645215071690517e+00
1.936645548516171988e+00
1.937645881960653682e+00
1.938646215405135154e+00
1.939646548849616625e+00
1.940646882294098097e+00
1.941647215738579568e+00
1.942647549183061040e+00
1.943647882627542289e+00
1.944648216072023761e+00
1.945648549516505232e+00
1.946648882960986926e+00
1.947649216405468398e+00
1.948649549849949869e+00
1.949649883294431341e+00
1.950650216738912812e+00
1.951650550183394284e+00
1.952650883627875755e+00
1.953651217072357449e+00
1.954651550516838920e+00
1.955651883961320392e+00
1.956652217405801863e+00
1.957652550850283335e+00
1.958652884294764807e+00
1.959653217739246278e+00
1.960653551183727972e+00
1.961653884628209443e+00
1.962654218072690915e+00
1.963654551517172386e+00
1.964654884961653858e+00
1.965655218406135329e+00
1.966655551850616801e+00
1.967655885295098495e+00
1.968656218739579966e+00
1.969656552184061438e+00
1.970656885628542909e+00
1.971657219073024381e+00
1.972657552517505852e+00
1.973657885961987102e+00
1.974658219406468573e+00
1.975658552850950045e+00
1.976658886295431738e+00
1.977659219739913210e+00
1.978659553184394682e+00
1.979659886628876153e+00
1.980660220073357625e+00
1.981660553517839096e+00
1.982660886962320568e+00
1.983661220406802261e+00
1.984661553851283733e+00
1.985661887295765204e+00
1.986662220740246676e+00
1.987662554184728148e+00
1.988662887629209619e+00
1.989663221073691091e+00
1.990663554518172784e+00
1.991663887962654256e+00
1.992664221407135727e+00
1.993664554851617199e+00
1.994664888296098670e+00
1.995665221740580142e+00
1.996665555185061613e+00
1.997665888629543307e+00
1.998666222074024779e+00
1.999666555518506250e+00
2.000666888962987500e+00
2.001667222407469193e+00
2.002667555851950887e+00
2.003667889296432136e+00
2.004668222740913386e+00
2.005668556185395079e+00
2.006668889629876329e+00
2.007669223074358023e+00
2.008669556518839272e+00
2.009669889963320966e+00
2.010670223407802659e+00
2.011670556852283909e+00
2.012670890296765602e+00
2.013671223741246852e+00
2.014671557185728545e+00
2.015671890630209795e+00
2.016672224074691488e+00
2.017672557519173182e+00
2.018672890963654432e+00
2.019673224408136125e+00
2.020673557852617375e+00
2.021673891297099068e+00
2.022674224741580318e+00
2.023674558186062011e+00
2.024674891630543705e+00
2.025675225075024954e+00
2.026675558519506648e+00
2.027675891963987898e+00
2.028676225408469591e+00
2.029676558852950841e+00
2.030676892297432534e+00
2.031677225741914228e+00
2.032677559186395477e+00
2.033677892630876727e+00
2.034678226075358420e+00
2.035678559519839670e+00
2.036678892964321363e+00
2.037679226408802613e+00
2.038679559853284307e+00
2.039679893297765556e+00
2.040680226742247250e+00
2.041680560186728943e+00
2.042680893631210193e+00
2.043681227075691886e+00
2.044681560520173136e+00
2.045681893964654829e+00
2.046682227409136079e+00
2.047682560853617773e+00
2.048682894298099466e+00
2.049683227742580716e+00
2.050683561187062409e+00
2.051683894631543659e+00
2.052684228076025352e+00
2.053684561520506602e+00
2.054684894964988295e+00
2.055685228409469989e+00
2.056685561853951238e+00
2.057685895298432932e+00
2.058686228742914182e+00
2.059686562187395875e+00
2.060686895631877125e+00
2.061687229076358818e+00
2.062687562520840512e+00
2.063687895965321761e+00
2.064688229409803011e+00
2.065688562854284704e+00
2.066688896298765954e+00
2.067689229743247648e+00
2.068689563187728897e+00
2.069689896632210591e+00
2.070690230076692284e+00
2.071690563521173534e+00
2.072690896965655227e+00
2.073691230410136477e+00
2.074691563854618170e+00
2.075691897299099420e+00
2.076692230743581113e+00
2.077692564188062807e+00
2.078692897632544057e+00
2.079693231077025750e+00
2.080693564521507000e+00
2.081693897965988693e+00
2.082694231410469943e+00
2.083694564854951636e+00
2.084694898299433330e+00
2.085695231743914579e+00
2.086695565188396273e+00
2.087695898632877523e+00
2.088696232077359216e+00
2.089696565521840466e+00
2.090696898966322159e+00
2.091697232410803853e+00
2.092697565855285102e+00
2.093697899299766796e+00
2.094698232744248045e+00
2.095698566188729295e+00
2.096698899633210988e+00
2.097699233077692238e+00
2.098699566522173932e+00
2.099699899966655181e+00
2.100700233411136875e+00
2.101700566855618568e+00
2.102700900300099818e+00
2.103701233744581511e+00
2.104701567189062761e+00
2.105701900633544454e+00
2.106702234078025704e+00
2.107702567522507398e+00
2.108702900966989091e+00
2.109703234411470341e+00
2.110703567855952034e+00
2.111703901300433284e+00
2.112704234744914977e+00
2.113704568189396227e+00
2.114704901633877920e+00
2.115705235078359614e+00
2.116705568522840863e+00
2.117705901967322557e+00
2.118706235411803807e+00
2.119706568856285500e+00
2.120706902300766750e+00
2.121707235745248443e+00
2.122707569189730137e+00
2.123707902634211386e+00
2.124708236078692636e+00
2.125708569523174329e+00
2.126708902967655579e+00
2.127709236412137273e+00
2.128709569856618522e+00
2.129709903301100216e+00
2.130710236745581909e+00
2.131710570190063159e+00
2.132710903634544852e+00
2.133711237079026102e+00
2.134711570523507795e+00
2.135711903967989045e+00
2.136712237412470738e+00
2.137712570856952432e+00
2.138712904301433682e+00
2.139713237745915375e+00
2.140713571190396625e+00
2.141713904634878318e+00
2.142714238079359568e+00
2.143714571523841261e+00
2.144714904968322955e+00
2.145715238412804204e+00
2.146715571857285898e+00
2.147715905301767148e+00
2.148716238746248841e+00
2.149716572190730091e+00
2.150716905635211784e+00
2.151717239079693478e+00
2.152717572524174727e+00
2.153717905968656421e+00
2.154718239413137670e+00
2.155718572857618920e+00
2.156718906302100613e+00
2.157719239746581863e+00
2.158719573191063557e+00
2.159719906635544806e+00
2.160720240080026500e+00
2.161720573524508193e+00
2.162720906968989443e+00
2.163721240413471136e+00
2.164721573857952386e+00
2.165721907302434079e+00
2.166722240746915329e+00
2.167722574191397023e+00
2.168722907635878716e+00
2.169723241080359966e+00
2.170723574524841659e+00
2.171723907969322909e+00
2.172724241413804602e+00
2.173724574858285852e+00
2.174724908302767545e+00
2.175725241747249239e+00
2.176725575191730488e+00
2.177725908636212182e+00
2.178726242080693432e+00
2.179726575525175125e+00
2.180726908969656375e+00
2.181727242414138068e+00
2.182727575858619762e+00
2.183727909303101011e+00
2.184728242747582261e+00
2.185728576192063954e+00
2.186728909636545204e+00
2.187729243081026897e+00
2.188729576525508147e+00
2.189729909969989841e+00
2.190730243414471534e+00
2.191730576858952784e+00
2.192730910303434477e+00
2.193731243747915727e+00
2.194731577192397420e+00
2.195731910636878670e+00
2.196732244081360363e+00
2.197732577525842057e+00
2.198732910970323307e+00
2.199733244414805000e+00
2.200733577859286250e+00
2.201733911303767943e+00
2.202734244748249193e+00
2.203734578192730886e+00
2.204734911637212580e+00
2.205735245081693829e+00
2.206735578526175523e+00
2.207735911970656772e+00
2.208736245415138466e+00
2.209736578859619716e+00
2.210736912304101409e+00
2.211737245748583103e+00
2.212737579193064352e+00
2.213737912637546046e+00
2.214738246082027295e+00
2.215738579526508545e+00
2.216738912970990238e+00
2.217739246415471488e+00
2.218739579859953182e+00
2.219739913304434431e+00
2.220740246748916125e+00
2.221740580193397818e+00
2.222740913637879068e+00
2.223741247082360761e+00
2.224741580526842011e+00
2.225741913971323704e+00
2.226742247415804954e+00
2.227742580860286647e+00
2.228742914304768341e+00
2.229743247749249591e+00
2.230743581193731284e+00
2.231743914638212534e+00
2.232744248082694227e+00
2.233744581527175477e+00
2.234744914971657170e+00
2.235745248416138864e+00
2.236745581860620113e+00
2.237745915305101807e+00
2.238746248749583057e+00
2.239746582194064750e+00
2.240746915638546000e+00
2.241747249083027693e+00
2.242747582527509387e+00
2.243747915971990636e+00
2.244748249416471886e+00
2.245748582860953579e+00
2.246748916305434829e+00
2.247749249749916522e+00
2.248749583194397772e+00
2.249749916638879466e+00
2.250750250083361159e+00
2.251750583527842409e+00
2.252750916972324102e+00
2.253751250416805352e+00
2.254751583861287045e+00
2.255751917305768295e+00
2.256752250750249988e+00
2.257752584194731682e+00
2.258752917639212932e+00
2.259753251083694625e+00
2.260753584528175875e+00
2.261753917972657568e+00
2.262754251417138818e+00
2.263754584861620511e+00
2.264754918306102205e+00
2.265755251750583454e+00
2.266755585195065148e+00
2.267755918639546397e+00
2.268756252084028091e+00
2.269756585528509341e+00
2.270756918972991034e+00
2.271757252417472728e+00
2.272757585861953977e+00
2.273757919306435671e+00
2.274758252750916920e+00
2.275758586195398170e+00
2.276758919639879863e+00
2.277759253084361113e+00
2.278759586528842807e+00
2.279759919973324056e+00
2.280760253417805750e+00
2.281760586862287443e+00
2.282760920306768693e+00
2.283761253751250386e+00
2.284761587195731636e+00
2.285761920640213329e+00
2.286762254084694579e+00
2.287762587529176272e+00
2.288762920973657966e+00
2.289763254418139216e+00
2.290763587862620909e+00
2.291763921307102159e+00
2.292764254751583852e+00
2.293764588196065102e+00
2.294764921640546795e+00
2.295765255085028489e+00
2.296765588529509738e+00
2.297765921973991432e+00
2.298766255418472682e+00
2.299766588862954375e+00
2.300766922307435625e+00
2.301767255751917318e+00
2.302767589196399012e+00
2.303767922640880261e+00
2.304768256085361955e+00
2.305768589529843204e+00
2.306768922974324454e+00
2.307769256418806147e+00
2.308769589863287397e+00
2.309769923307769091e+00
2.310770256752250784e+00
2.311770590196732034e+00
2.312770923641213727e+00
2.313771257085694977e+00
2.314771590530176670e+00
2.315771923974657920e+00
2.316772257419139613e+00
2.317772590863621307e+00
2.318772924308102557e+00
2.319773257752584250e+00
2.320773591197065500e+00
2.321773924641547193e+00
2.322774258086028443e+00
2.323774591530510136e+00
2.324774924974991830e+00
2.325775258419473079e+00
2.326775591863954773e+00
2.327775925308436022e+00
2.328776258752917716e+00
2.329776592197398966e+00
2.330776925641880659e+00
2.331777259086362353e+00
2.332777592530843602e+00
2.333777925975325296e+00
2.334778259419806545e+00
2.335778592864287795e+00
2.336778926308769488e+00
2.337779259753250738e+00
2.338779593197732432e+00
2.339779926642213681e+00
2.340780260086695375e+00
2.341780593531177068e+00
2.342780926975658318e+00
2.343781260420140011e+00
2.344781593864621261e+00
2.345781927309102954e+00
2.346782260753584204e+00
2.347782594198065897e+00
2.348782927642547591e+00
2.349783261087028841e+00
2.350783594531510534e+00
2.351783927975991784e+00
2.352784261420473477e+00
2.353784594864954727e+00
2.354784928309436420e+00
2.355785261753918114e+00
2.356785595198399363e+00
2.357785928642881057e+00
2.358786262087362307e+00
2.359786595531844000e+00
2.360786928976325250e+00
2.361787262420806943e+00
2.362787595865288637e+00
2.363787929309769886e+00
2.364788262754251580e+00
2.365788596198732829e+00
2.366788929643214079e+00
2.367789263087695772e+00
2.368789596532177022e+00
2.369789929976658716e+00
2.370790263421140409e+00
2.371790596865621659e+00
2.372790930310103352e+00
2.373791263754584602e+00
2.374791597199066295e+00
2.375791930643547545e+00
2.376792264088029238e+00
2.377792597532510932e+00
2.378792930976992182e+00
2.379793264421473875e+00
2.380793597865955125e+00
2.381793931310436818e+00
2.382794264754918068e+00
2.383794598199399761e+00
2.384794931643881455e+00
2.385795265088362704e+00
2.386795598532844398e+00
2.387795931977325647e+00
2.388796265421807341e+00
2.389796598866288591e+00
2.390796932310770284e+00
2.391797265755251978e+00
2.392797599199733227e+00
2.393797932644214921e+00
2.394798266088696170e+00
2.395798599533177420e+00
2.396798932977659113e+00
2.397799266422140363e+00
2.398799599866622057e+00
2.399799933311103306e+00
2.400800266755585000e+00
2.401800600200066693e+00
2.402800933644547943e+00
2.403801267089029636e+00
2.404801600533510886e+00
2.405801933977992579e+00
2.406802267422473829e+00
2.407802600866955522e+00
2.408802934311437216e+00
2.409803267755918466e+00
2.410803601200400159e+00
2.411803934644881409e+00
2.412804268089363102e+00
2.413804601533844352e+00
2.414804934978326045e+00
2.415805268422807739e+00
2.416805601867288988e+00
2.417805935311770682e+00
2.418806268756251932e+00
2.419806602200733625e+00
2.420806935645214875e+00
2.421807269089696568e+00
2.422807602534178262e+00
2.423807935978659511e+00
2.424808269423141205e+00
2.425808602867622454e+00
2.426808936312103704e+00
2.427809269756585397e+00
2.428809603201066647e+00
2.429809936645548341e+00
2.430810270090030034e+00
2.431810603534511284e+00
2.432810936978992977e+00
2.433811270423474227e+00
2.434811603867955920e+00
2.435811937312437170e+00
2.436812270756918863e+00
2.437812604201400557e+00
2.438812937645881807e+00
2.439813271090363500e+00
2.440813604534844750e+00
2.441813937979326443e+00
2.442814271423807693e+00
2.443814604868289386e+00
2.444814938312771080e+00
2.445815271757252329e+00
2.446815605201734023e+00
2.447815938646215272e+00
2.448816272090696966e+00
2.449816605535178216e+00
2.450816938979659909e+00
2.451817272424141603e+00
2.452817605868622852e+00
2.453817939313104546e+00
2.454818272757585795e+00
2.455818606202067045e+00
2.456818939646548738e+00
2.457819273091029988e+00
2.458819606535511681e+00
2.459819939979992931e+00
2.460820273424474625e+00
2.461820606868956318e+00
2.462820940313437568e+00
2.463821273757919261e+00
2.464821607202400511e+00
2.465821940646882204e+00
2.466822274091363454e+00
2.467822607535845147e+00
2.468822940980326841e+00
2.469823274424808091e+00
2.470823607869289784e+00
2.471823941313771034e+00
2.472824274758252727e+00
2.473824608202733977e+00
2.474824941647215670e+00
2.475825275091697364e+00
2.476825608536178613e+00
2.477825941980660307e+00
2.478826275425141556e+00
2.479826608869623250e+00
2.480826942314104500e+00
2.481827275758586193e+00
2.482827609203067887e+00
2.483827942647549136e+00
2.484828276092030830e+00
2.485828609536512079e+00
2.486828942980993329e+00
2.487829276425475022e+00
2.488829609869956272e+00
2.489829943314437966e+00
2.490830276758919659e+00
2.491830610203400909e+00
2.492830943647882602e+00
2.493831277092363852e+00
2.494831610536845545e+00
2.495831943981326795e+00
2.496832277425808488e+00
2.497832610870290182e+00
2.498832944314771431e+00
2.499833277759253125e+00
2.500833611203734375e+00
2.501833944648216068e+00
2.502834278092697318e+00
2.503834611537179011e+00
2.504834944981660705e+00
2.505835278426141954e+00
2.506835611870623648e+00
2.507835945315104897e+00
2.508836278759586591e+00
2.509836612204067841e+00
2.510836945648549534e+00
2.511837279093031228e+00
2.512837612537512477e+00
2.513837945981994171e+00
2.514838279426475420e+00
2.515838612870956670e+00
2.516838946315438363e+00
2.517839279759919613e+00
2.518839613204401306e+00
2.519839946648882556e+00
2.520840280093364250e+00
2.521840613537845943e+00
2.522840946982327193e+00
2.523841280426808886e+00
2.524841613871290136e+00
2.525841947315771829e+00
2.526842280760253079e+00
2.527842614204734772e+00
2.528842947649216466e+00
2.529843281093697716e+00
2.530843614538179409e+00
2.531843947982660659e+00
2.532844281427142352e+00
2.533844614871623602e+00
2.534844948316105295e+00
2.535845281760586989e+00
2.536845615205068238e+00
2.537845948649549932e+00
2.538846282094031181e+00
2.539846615538512875e+00
2.540846948982994125e+00
2.541847282427475818e+00
2.542847615871957512e+00
2.543847949316438761e+00
2.544848282760920455e+00
2.545848616205401704e+00
2.546848949649883398e+00
2.547849283094364647e+00
2.548849616538846341e+00
2.549849949983328035e+00
2.550850283427809284e+00
2.551850616872290978e+00
2.552850950316772227e+00
2.553851283761253921e+00
2.554851617205735170e+00
2.555851950650216864e+00
2.556852284094698557e+00
2.557852617539179807e+00
2.558852950983661501e+00
2.559853284428142750e+00
2.560853617872624444e+00
2.561853951317105249e+00
2.562854284761586943e+00
2.563854618206068192e+00
2.564854951650549886e+00
2.565855285095031135e+00
2.566855618539512829e+00
2.567855951983994522e+00
2.568856285428475772e+00
2.569856618872957466e+00
2.570856952317438715e+00
2.571857285761920409e+00
2.572857619206401658e+00
2.573857952650883352e+00
2.574858286095365045e+00
2.575858619539846295e+00
2.576858952984327988e+00
2.577859286428809238e+00
2.578859619873290931e+00
2.579859953317772181e+00
2.580860286762253875e+00
2.581860620206735568e+00
2.582860953651216818e+00
2.583861287095698511e+00
2.584861620540179761e+00
2.585861953984661454e+00
2.586862287429142704e+00
2.587862620873624397e+00
2.588862954318106091e+00
2.589863287762587341e+00
2.590863621207069034e+00
2.591863954651550284e+00
2.592864288096031977e+00
2.593864621540513227e+00
2.594864954984994920e+00
2.595865288429476614e+00
2.596865621873957863e+00
2.597865955318439557e+00
2.598866288762920806e+00
2.599866622207402500e+00
2.600866955651883750e+00
2.601867289096365443e+00
2.602867622540847137e+00
2.603867955985328386e+00
2.604868289429810080e+00
2.605868622874291329e+00
2.606868956318773023e+00
2.607869289763254272e+00
2.608869623207735966e+00
2.609869956652217660e+00
2.610870290096698909e+00
2.611870623541180603e+00
2.612870956985661852e+00
2.613871290430143546e+00
2.614871623874624795e+00
2.615871957319106489e+00
2.616872290763588182e+00
2.617872624208069432e+00
2.618872957652551126e+00
2.619873291097032375e+00
2.620873624541514069e+00
2.621873957985994874e+00
2.622874291430476568e+00
2.623874624874957817e+00
2.624874958319439511e+00
2.625875291763920760e+00
2.626875625208402454e+00
2.627875958652884147e+00
2.628876292097365397e+00
2.629876625541847091e+00
2.630876958986328340e+00
2.631877292430810034e+00
2.632877625875291283e+00
2.633877959319772977e+00
2.634878292764254670e+00
2.635878626208735920e+00
2.636878959653217613e+00
2.637879293097698863e+00
2.638879626542180556e+00
2.639879959986661806e+00
2.640880293431143500e+00
2.641880626875625193e+00
2.642880960320106443e+00
2.643881293764588136e+00
2.644881627209069386e+00
2.645881960653551079e+00
2.646882294098032329e+00
2.647882627542514022e+00
2.648882960986995716e+00
2.649883294431476966e+00
2.650883627875958659e+00
2.651883961320439909e+00
2.652884294764921602e+00
2.653884628209402852e+00
2.654884961653884545e+00
2.655885295098366239e+00
2.656885628542847488e+00
2.657885961987329182e+00
2.658886295431810431e+00
2.659886628876292125e+00
2.660886962320773375e+00
2.661887295765255068e+00
2.662887629209736762e+00
2.663887962654218011e+00
2.664888296098699705e+00
2.665888629543180954e+00
2.666888962987662648e+00
2.667889296432143897e+00
2.668889629876625591e+00
2.669889963321107285e+00
2.670890296765588534e+00
2.671890630210070228e+00
2.672890963654551477e+00
2.673891297099033171e+00
2.674891630543514420e+00
2.675891963987996114e+00
2.676892297432477807e+00
2.677892630876959057e+00
2.678892964321440751e+00
2.679893297765922000e+00
2.680893631210403694e+00
2.681893964654884499e+00
2.682894298099366193e+00
2.683894631543847442e+00
2.684894964988329136e+00
2.685895298432810829e+00
2.686895631877292079e+00
2.687895965321773772e+00
2.688896298766255022e+00
2.689896632210736716e+00
2.690896965655217965e+00
2.691897299099699659e+00
2.692897632544180908e+00
2.693897965988662602e+00
2.694898299433144295e+00
2.695898632877625545e+00
2.696898966322107238e+00
2.697899299766588488e+00
2.698899633211070181e+00
2.699899966655551431e+00
2.700900300100033125e+00
2.701900633544514818e+00
2.702900966988996068e+00
2.703901300433477761e+00
2.704901633877959011e+00
2.705901967322440704e+00
2.706902300766921954e+00
2.707902634211403647e+00
2.708902967655885341e+00
2.709903301100366591e+00
2.710903634544848284e+00
2.711903967989329534e+00
2.712904301433811227e+00
2.713904634878292477e+00
2.714904968322774170e+00
2.715905301767255864e+00
2.716905635211737113e+00
2.717905968656218807e+00
2.718906302100700056e+00
2.719906635545181750e+00
2.720906968989663000e+00
2.721907302434144693e+00
2.722907635878626387e+00
2.723907969323107636e+00
2.724908302767589330e+00
2.725908636212070579e+00
2.726908969656552273e+00
2.727909303101033522e+00
2.728909636545515216e+00
2.729909969989996910e+00
2.730910303434478159e+00
2.731910636878959853e+00
2.732910970323441102e+00
2.733911303767922796e+00
2.734911637212404045e+00
2.735911970656885739e+00
2.736912304101367432e+00
2.737912637545848682e+00
2.738912970990330376e+00
2.739913304434811625e+00
2.740913637879293319e+00
2.741913971323774124e+00
2.742914304768255818e+00
2.743914638212737067e+00
2.744914971657218761e+00
2.745915305101700454e+00
2.746915638546181704e+00
2.747915971990663397e+00
2.748916305435144647e+00
2.749916638879626340e+00
2.750916972324107590e+00
2.751917305768589284e+00
2.752917639213070533e+00
2.753917972657552227e+00
2.754918306102033920e+00
2.755918639546515170e+00
2.756918972990996863e+00
2.757919306435478113e+00
2.758919639879959806e+00
2.759919973324441056e+00
2.760920306768922750e+00
2.761920640213404443e+00
2.762920973657885693e+00
2.763921307102367386e+00
2.764921640546848636e+00
2.765921973991330329e+00
2.766922307435811579e+00
2.767922640880293272e+00
2.768922974324774966e+00
2.769923307769256215e+00
2.770923641213737909e+00
2.771923974658219159e+00
2.772924308102700852e+00
2.773924641547182102e+00
2.774924974991663795e+00
2.775925308436145489e+00
2.776925641880626738e+00
2.777925975325108432e+00
2.778926308769589681e+00
2.779926642214071375e+00
2.780926975658552625e+00
2.781927309103034318e+00
2.782927642547516012e+00
2.783927975991997261e+00
2.784928309436478955e+00
2.785928642880960204e+00
2.786928976325441898e+00
2.787929309769923147e+00
2.788929643214404841e+00
2.789929976658886535e+00
2.790930310103367784e+00
2.791930643547849478e+00
2.792930976992330727e+00
2.793931310436812421e+00
2.794931643881293670e+00
2.795931977325775364e+00
2.796932310770257057e+00
2.797932644214738307e+00
2.798932977659220001e+00
2.799933311103701250e+00
2.800933644548182944e+00
2.801933977992663749e+00
2.802934311437145443e+00
2.803934644881626692e+00
2.804934978326108386e+00
2.805935311770590079e+00
2.806935645215071329e+00
2.807935978659553022e+00
2.808936312104034272e+00
2.809936645548515965e+00
2.810936978992997215e+00
2.811937312437478909e+00
2.812937645881960602e+00
2.813937979326441852e+00
2.814938312770923545e+00
2.815938646215404795e+00
2.816938979659886488e+00
2.817939313104367738e+00
2.818939646548849431e+00
2.819939979993330681e+00
2.820940313437812375e+00
2.821940646882294068e+00
2.822940980326775318e+00
2.823941313771257011e+00
2.824941647215738261e+00
2.825941980660219954e+00
2.826942314104701204e+00
2.827942647549182897e+00
2.828942980993664591e+00
2.829943314438145840e+00
2.830943647882627534e+00
2.831943981327108784e+00
2.832944314771590477e+00
2.833944648216071727e+00
2.834944981660553420e+00
2.835945315105035114e+00
2.836945648549516363e+00
2.837945981993998057e+00
2.838946315438479306e+00
2.839946648882961000e+00
2.840946982327442250e+00
2.841947315771923943e+00
2.842947649216405637e+00
2.843947982660886886e+00
2.844948316105368580e+00
2.845948649549849829e+00
2.846948982994331523e+00
2.847949316438812772e+00
2.848949649883294466e+00
2.849949983327776160e+00
2.850950316772257409e+00
2.851950650216739103e+00
2.852950983661220352e+00
2.853951317105702046e+00
2.854951650550183295e+00
2.855951983994664989e+00
2.856952317439146682e+00
2.857952650883627932e+00
2.858952984328109626e+00
2.859953317772590875e+00
2.860953651217072569e+00
2.861953984661553818e+00
2.862954318106035068e+00
2.863954651550516317e+00
2.864954984994998011e+00
2.865955318439479704e+00
2.866955651883960954e+00
2.867955985328442647e+00
2.868956318772923897e+00
2.869956652217405590e+00
2.870956985661886840e+00
2.871957319106368534e+00
2.872957652550850227e+00
2.873957985995331477e+00
2.874958319439813170e+00
2.875958652884294420e+00
2.876958986328776113e+00
2.877959319773257363e+00
2.878959653217739056e+00
2.879959986662220306e+00
2.880960320106702000e+00
2.881960653551183693e+00
2.882960986995664943e+00
2.883961320440146636e+00
2.884961653884627886e+00
2.885961987329109579e+00
2.886962320773590829e+00
2.887962654218072522e+00
2.888962987662554216e+00
2.889963321107035465e+00
2.890963654551517159e+00
2.891963987995998409e+00
2.892964321440480102e+00
2.893964654884961352e+00
2.894964988329443045e+00
2.895965321773924739e+00
2.896965655218405988e+00
2.897965988662887682e+00
2.898966322107368931e+00
2.899966655551850625e+00
2.900966988996331875e+00
2.901967322440813568e+00
2.902967655885295262e+00
2.903967989329776511e+00
2.904968322774258205e+00
2.905968656218739454e+00
2.906968989663221148e+00
2.907969323107702397e+00
2.908969656552184091e+00
2.909969989996665785e+00
2.910970323441147034e+00
2.911970656885628728e+00
2.912970990330109977e+00
2.913971323774591671e+00
2.914971657219072920e+00
2.915971990663554614e+00
2.916972324108036307e+00
2.917972657552517557e+00
2.918972990996999251e+00
2.919973324441480500e+00
2.920973657885962194e+00
2.921973991330443443e+00
2.922974324774924693e+00
2.923974658219405942e+00
2.924974991663887636e+00
2.925975325108369329e+00
2.926975658552850579e+00
2.927975991997332272e+00
2.928976325441813522e+00
2.929976658886295215e+00
2.930976992330776465e+00
2.931977325775258159e+00
2.932977659219739852e+00
2.933977992664221102e+00
2.934978326108702795e+00
2.935978659553184045e+00
2.936978992997665738e+00
2.937979326442146988e+00
2.938979659886628681e+00
2.939979993331110375e+00
2.940980326775591625e+00
2.941980660220073318e+00
2.942980993664554568e+00
2.943981327109036261e+00
2.944981660553517511e+00
2.945981993997999204e+00
2.946982327442480454e+00
2.947982660886962147e+00
2.948982994331443841e+00
2.949983327775925090e+00
2.950983661220406784e+00
2.951983994664888034e+00
2.952984328109369727e+00
2.953984661553850977e+00
2.954984994998332670e+00
2.955985328442814364e+00
2.956985661887295613e+00
2.957985995331777307e+00
2.958986328776258556e+00
2.959986662220740250e+00
2.960986995665221500e+00
2.961987329109703193e+00
2.962987662554184887e+00
2.963987995998666136e+00
2.964988329443147830e+00
2.965988662887629079e+00
2.966988996332110773e+00
2.967989329776592022e+00
2.968989663221073716e+00
2.969989996665555410e+00
2.970990330110036659e+00
2.971990663554518353e+00
2.972990996998999602e+00
2.973991330443481296e+00
2.974991663887962545e+00
2.975991997332444239e+00
2.976992330776925932e+00
2.977992664221407182e+00
2.978992997665888876e+00
2.979993331110370125e+00
2.980993664554851819e+00
2.981993997999333068e+00
2.982994331443814318e+00
2.983994664888295567e+00
2.984994998332777261e+00
2.985995331777258954e+00
2.986995665221740204e+00
2.987995998666221897e+00
2.988996332110703147e+00
2.989996665555184840e+00
2.990996998999666090e+00
2.991997332444147784e+00
2.992997665888629477e+00
2.993997999333110727e+00
2.994998332777592420e+00
2.995998666222073670e+00
2.996998999666555363e+00
2.997999333111036613e+00
2.998999666555518306e+00
3.000000000000000000e+00
