-2.368685245784034887e-01
-2.368685246035106551e-01
-2.368685246792609500e-01
-2.368685248062635251e-01
-2.368685249850821517e-01
-2.368685252162351096e-01
-2.368685255001952705e-01
-2.368685258373901259e-01
-2.368685262282016757e-01
-2.368685266729665673e-01
-2.368685271719759566e-01
-2.368685277254755916e-01
-2.368685283336658676e-01
-2.368685289967016327e-01
-2.368685297146924107e-01
-2.368685304877022335e-01
-2.368685313157497807e-01
-2.368685321988082404e-01
-2.368685331368053926e-01
-2.368685341296236091e-01
-2.368685351770998537e-01
-2.368685362790255988e-01
-2.368685374351469641e-01
-2.368685386451646058e-01
-2.368685399087337717e-01
-2.368685412254642741e-01
-2.368685425949204892e-01
-2.368685440166214129e-01
-2.368685454900405774e-01
-2.368685470146061067e-01
-2.368685485897006615e-01
-2.368685502146615496e-01
-2.368685518887805874e-01
-2.368685536113042389e-01
-2.368685553814334488e-01
-2.368685571983238092e-01
-2.368685590610854486e-01
-2.368685609687831151e-01
-2.368685629204361209e-01
-2.368685649150182870e-01
-2.368685669514581094e-01
-2.368685690286385648e-01
-2.368685711453972775e-01
-2.368685733005264360e-01
-2.368685754927727649e-01
-2.368685777208376086e-01
-2.368685799833768757e-01
-2.368685822790009832e-01
-2.368685846062750511e-01
-2.368685869637186803e-01
-2.368685893498060635e-01
-2.368685917629659854e-01
-2.368685942015818224e-01
-2.368685966639914597e-01
-2.368685991484874021e-01
-2.368686016533167737e-01
-2.368686041766812078e-01
-2.368686067167369291e-01
-2.368686092715947267e-01
-2.368686118393200091e-01
-2.368686144179327213e-01
-2.368686170054074003e-01
-2.368686195996731747e-01
-2.368686221980680906e-01
-2.368686244656547368e-01
-2.368686262039827739e-01
-2.368686275299594357e-01
-2.368686285503175393e-01
-2.368686293616156235e-01
-2.368686300502379494e-01
-2.368686306923943330e-01
-2.368686313541204236e-01
-2.368686320912774534e-01
-2.368686329495523490e-01
-2.368686339644577032e-01
-2.368686351613318586e-01
-2.368686365553387685e-01
-2.368686381514680528e-01
-2.368686399445350810e-01
-2.368686419191808612e-01
-2.368686440498720958e-01
-2.368686463009010978e-01
-2.368686486263859858e-01
-2.368686509702704612e-01
-2.368686532663239197e-01
-2.368686554381414511e-01
-2.368686573991438671e-01
-2.368686590525775348e-01
-2.368686602915146544e-01
-2.368686609988530090e-01
-2.368686610473160759e-01
-2.368686602994530266e-01
-2.368686586076386991e-01
-2.368686558140735976e-01
-2.368686517507839762e-01
-2.368686462396216996e-01
-2.368686390922642993e-01
-2.368686301102150560e-01
-2.368686190848028617e-01
-2.368686057971823300e-01
-2.368685900183337412e-01
-2.368685715090630695e-01
-2.368685500200019278e-01
-2.368685252916076234e-01
-2.368684970541632129e-01
-2.368684650277773363e-01
-2.368684289223843276e-01
-2.368683882394173879e-01
-2.368683298826682604e-01
-2.368682489565537841e-01
-2.368681490840957304e-01
-2.368680333978546715e-01
-2.368679045399301741e-01
-2.368677646619605504e-01
-2.368676154251231347e-01
-2.368674580001340624e-01
-2.368672930672483523e-01
-2.368671208162599351e-01
-2.368669409465016529e-01
-2.368667526668451484e-01
-2.368665546957010315e-01
-2.368663452610187681e-01
-2.368661221002866801e-01
-2.368658824605320290e-01
-2.368656230983209043e-01
-2.368653402797583074e-01
-2.368650297804881233e-01
-2.368646868856931209e-01
-2.368643063900949530e-01
-2.368638825979541562e-01
-2.368634093230701232e-01
-2.368628798887812137e-01
-2.368622871279645881e-01
-2.368616233830362905e-01
-2.368608805059513323e-01
-2.368600498582035252e-01
-2.368591223108255928e-01
-2.368580882443891422e-01
-2.368569375490046924e-01
-2.368556596243215906e-01
-2.368542433795281232e-01
-2.368526772333514330e-01
-2.368509491140575463e-01
-2.368490464594514011e-01
-2.368469562168767639e-01
-2.368446648432163126e-01
-2.368421583048916645e-01
-2.368394220778632375e-01
-2.368364411476303888e-01
-2.368332000092313039e-01
-2.368296826672431354e-01
-2.368258713942205385e-01
-2.368217164131351249e-01
-2.368171848464485085e-01
-2.368122553987894729e-01
-2.368069035751125817e-01
-2.368011016806982338e-01
-2.367948188211527472e-01
-2.367880209024081639e-01
-2.367806706307224729e-01
-2.367727275126794428e-01
-2.367641478551886780e-01
-2.367548847654856459e-01
-2.367448881511316494e-01
-2.367341047200138549e-01
-2.367224779803451806e-01
-2.367099482406644917e-01
-2.366964526098364330e-01
-2.366819249970514849e-01
-2.366662961118260189e-01
-2.366494934640021863e-01
-2.366314413637480019e-01
-2.366120609215573156e-01
-2.365912700482498410e-01
-2.365689834549711268e-01
-2.365451126531925019e-01
-2.365195659547111862e-01
-2.364922484716502626e-01
-2.364630621164586222e-01
-2.364319056019109633e-01
-2.363986744411078755e-01
-2.363632609474757840e-01
-2.363255542347668936e-01
-2.362854402170593560e-01
-2.362428016087570470e-01
-2.361975179245897616e-01
-2.361494654796131021e-01
-2.360985173892085065e-01
-2.360445451725288746e-01
-2.359874006665506896e-01
-2.359269214609702459e-01
-2.358629442175500524e-01
-2.357953047092186394e-01
-2.357238378200705031e-01
-2.356483775453661889e-01
-2.355687569915322910e-01
-2.354848083761613975e-01
-2.353963630280120900e-01
-2.353032513870089992e-01
-2.352053030042427773e-01
-2.351023465419700975e-01
-2.349942097736135993e-01
-2.348807195837620543e-01
-2.347617019681701167e-01
-2.346369820337585455e-01
-2.345063839986141208e-01
-2.343697311919896165e-01
-2.342268460543038000e-01
-2.340775501371415435e-01
-2.339216641032536292e-01
-2.337590077265569166e-01
-2.335893998921343140e-01
-2.334126585962346956e-01
-2.332286009462729848e-01
-2.330370821396886838e-01
-2.328379845300228568e-01
-2.326311285915345084e-01
-2.324163437191187620e-01
-2.321934695486307654e-01
-2.319623559568858850e-01
-2.317228630616594010e-01
-2.314748612216868395e-01
-2.312182310366636684e-01
-2.309528633472455461e-01
-2.306786592350481280e-01
-2.303955300226472047e-01
-2.301033972735786470e-01
-2.298021927923383501e-01
-2.294918586243823999e-01
-2.291723470561268239e-01
-2.288436206149478680e-01
-2.285056520691817472e-01
-2.281584244281248675e-01
-2.278019309420336036e-01
-2.274361751021244660e-01
-2.270611706405741004e-01
-2.266769415305191493e-01
-2.262835219860563352e-01
-2.258809564622425436e-01
-2.254692996550946849e-01
-2.250486287243603778e-01
-2.246190629329471999e-01
-2.241807208192356238e-01
-2.237337326382341507e-01
-2.232782412011868334e-01
-2.228144018755734146e-01
-2.223423825851092994e-01
-2.218623638097454998e-01
-2.213745385856686343e-01
-2.208791125053010396e-01
-2.203763037173006312e-01
-2.198663429265610147e-01
-2.193494733942113750e-01
-2.188259509376165868e-01
-2.182960439303771039e-01
-2.177600333023291257e-01
-2.172182125395443753e-01
-2.166708876843302656e-01
-2.161183773352298998e-01
-2.155610126470219046e-01
-2.149991314922306551e-01
-2.144330438723083265e-01
-2.138631074298225909e-01
-2.132896935557147544e-01
-2.127131763267576803e-01
-2.121339325055557334e-01
-2.115523415405448637e-01
-2.109687855659924671e-01
-2.103836494019975523e-01
-2.097973205544906572e-01
-2.092101892152338494e-01
-2.086226482618206701e-01
-2.080350932576762735e-01
-2.074479224520573428e-01
-2.068615367800520632e-01
-2.062763398625801492e-01
-2.056927380063928723e-01
-2.051111402040730614e-01
-2.045319581340349913e-01
-2.039556061605246051e-01
-2.033825011084672840e-01
-2.028130235089695976e-01
-2.022475546009204761e-01
-2.016864947712689593e-01
-2.011302381701174091e-01
-2.005791727107216205e-01
-2.000336800694907102e-01
-1.994941356859872283e-01
-1.989609087629271023e-01
-1.984343622661796369e-01
-1.979148529247675148e-01
-1.974027312308668236e-01
-1.968983414398070841e-01
-1.964020215700710559e-01
-1.959141034032950146e-01
-1.954349124842686136e-01
-1.949647681209348282e-01
-1.945039833843900667e-01
-1.940528651088840872e-01
-1.936117138918200808e-01
-1.931808196760618213e-01
-1.927604536845744509e-01
-1.923508897294884390e-01
-1.919523943350308348e-01
-1.915652257630287569e-01
-1.911896340129093097e-01
-1.908258608216996666e-01
-1.904741396640270146e-01
-1.901346957521185543e-01
-1.898077460358015278e-01
-1.894934992025032461e-01
-1.891921556772510338e-01
-1.889039076226721736e-01
-1.886289389389941007e-01
-1.883674252640441527e-01
-1.881195339732498473e-01
-1.878854241796385771e-01
-1.876652467338378871e-01
-1.874591442240752803e-01
-1.872672509761783288e-01
-1.870896930535745906e-01
-1.869265882572917481e-01
-1.867780462026365218e-01
-1.866441779850803728e-01
-1.865250872750597588e-01
-1.864208657096599608e-01
-1.863315985167510458e-01
-1.862573645149878943e-01
-1.861982361138103115e-01
-1.861542793134428886e-01
-1.861255537048951136e-01
-1.861121124699613161e-01
-1.861140023812206112e-01
-1.861312638020370946e-01
-1.861639306865595644e-01
-1.862120305797217712e-01
-1.862755846172422514e-01
-1.863546075256244383e-01
-1.864491076221566068e-01
-1.865590868149118453e-01
-1.866845406027481391e-01
-1.868254580753082872e-01
-1.869818219130199299e-01
-1.871536083870956046e-01
-1.873407873595326623e-01
-1.875433278319901531e-01
-1.877612025222585024e-01
-1.879943699386452949e-01
-1.882427832222057784e-01
-1.885063905353187019e-01
-1.887851350616862878e-01
-1.890789550063343150e-01
-1.893877835956121192e-01
-1.897115490771924262e-01
-1.900501747200716018e-01
-1.904035788145694574e-01
-1.907716746723293055e-01
-1.911543706263180153e-01
-1.915515700308259572e-01
-1.919631712614670027e-01
-1.923890677151785522e-01
-1.928291478102215073e-01
-1.932832949861803262e-01
-1.937513877039628574e-01
-1.942332994458006445e-01
-1.947288987152485662e-01
-1.952380490371851129e-01
-1.957606100771572266e-01
-1.962964442967591316e-01
-1.968454048358137531e-01
-1.974073390052501209e-01
-1.979820896832925892e-01
-1.985694953154607256e-01
-1.991693899145694502e-01
-1.997816030607290905e-01
-2.004059599013451320e-01
-2.010422811511184127e-01
-2.016903830920451224e-01
-2.023500775734166923e-01
-2.030211720118199337e-01
-2.037034693911368710e-01
-2.043967682625448534e-01
-2.051008627445166932e-01
-2.058155425228203050e-01
-2.065405928505190114e-01
-2.072757945479714037e-01
-2.080209240028314255e-01
-2.087757531700482894e-01
-2.095400495718664491e-01
-2.103135763430293848e-01
-2.110960996287989111e-01
-2.118873767079938464e-01
-2.126871547918282868e-01
-2.134951778039837489e-01
-2.143111863806092254e-01
-2.151349178703210463e-01
-2.159661063342029896e-01
-2.168044825458064484e-01
-2.176497739911500140e-01
-2.185017048687198371e-01
-2.193599960894694612e-01
-2.202243652768198223e-01
-2.210945267666593606e-01
-2.219701916073438808e-01
-2.228510675596967194e-01
-2.237368590970085780e-01
-2.246272674050375506e-01
-2.255219903820092353e-01
-2.264207226386166227e-01
-2.273231554980201519e-01
-2.282289769958476822e-01
-2.291378718801944381e-01
-2.300495216116232866e-01
-2.309636195062142738e-01
-2.318798515063689725e-01
-2.327978850985411852e-01
-2.337173872042370704e-01
-2.346380241800162247e-01
-2.355594618174914889e-01
-2.364813653433293361e-01
-2.374033994192494001e-01
-2.383252281420247254e-01
-2.392465150434817389e-01
-2.401669230905002783e-01
-2.410861146850135361e-01
-2.420037516640080322e-01
-2.429194952995236967e-01
-2.438330062986538982e-01
-2.447439448035453324e-01
-2.456519703913979946e-01
-2.465567420744653737e-01
-2.474579183000542304e-01
-2.483551569505247636e-01
-2.492481153432904439e-01
-2.501364502308183746e-01
-2.510198178006287639e-01
-2.518978789576297173e-01
-2.527703200750616719e-01
-2.536367971616083627e-01
-2.544969633357445638e-01
-2.553504752409686551e-01
-2.561969930458026234e-01
-2.570361804437922282e-01
-2.578677046535066131e-01
-2.586912364185386393e-01
-2.595064500075048297e-01
-2.603130232140451472e-01
-2.611106373568233274e-01
-2.618989772795266013e-01
-2.626777313508660283e-01
-2.634465914645759965e-01
-2.642052530394146670e-01
-2.649534150191637516e-01
-2.656907798726286241e-01
-2.664170535936382089e-01
-2.671319457010450371e-01
-2.678351692387253014e-01
-2.685264407755788563e-01
-2.692054804055289963e-01
-2.698720117475227886e-01
-2.705257619459018881e-01
-2.711664709584462041e-01
-2.717938799956106100e-01
-2.724077259870413825e-01
-2.730077523961486063e-01
-2.735937092201060628e-01
-2.741653529898513963e-01
-2.747224467700856709e-01
-2.752647601592739801e-01
-2.757920692896450032e-01
-2.763041568271912274e-01
-2.768008119716686699e-01
-2.772818304565973779e-01
-2.777470145492608733e-01
-2.781961730507065966e-01
-2.786291212957455743e-01
-2.790456811529526404e-01
-2.794456810246663259e-01
-2.798289558469888583e-01
-2.801953470897862175e-01
-2.805447027566882467e-01
-2.808768781307586226e-01
-2.811917378399416689e-01
-2.814891466668409947e-01
-2.817689761106045854e-01
-2.820311056846243614e-01
-2.822754229165364559e-01
-2.825018233482209373e-01
-2.827102105358019757e-01
-2.829004960496478427e-01
-2.830725994743707452e-01
-2.832264484088271028e-01
-2.833619784661172702e-01
-2.834791332735857039e-01
-2.835778644728209619e-01
-2.836581317196555374e-01
-2.837199026841660809e-01
-2.837631530506733446e-01
-2.837878665177419046e-01
-2.837940347981807165e-01
-2.837816576190425599e-01
-2.837507427135286808e-01
-2.837013009052253842e-01
-2.836333492672391543e-01
-2.835469156816173841e-01
-2.834420357575938576e-01
-2.833187528315883608e-01
-2.831771179672071259e-01
-2.830171899552424986e-01
-2.828390353136731039e-01
-2.826427282876636804e-01
-2.824283508495653017e-01
-2.821959926989153211e-01
-2.819457512624371498e-01
-2.816777316940405895e-01
-2.813920468748215553e-01
-2.810888174130622974e-01
-2.807681716442311792e-01
-2.804302456309828440e-01
-2.800751831631582145e-01
-2.797031356892843990e-01
-2.793142535700549045e-01
-2.789086956143265739e-01
-2.784866324020220940e-01
-2.780482405353186248e-01
-2.775937026386472994e-01
-2.771232073586938904e-01
-2.766369493643982547e-01
-2.761351293469546109e-01
-2.756179540198113731e-01
-2.750856361186713173e-01
-2.745383944014915811e-01
-2.739764536484833868e-01
-2.734000446621123737e-01
-2.728094042670985431e-01
-2.722047753104159806e-01
-2.715864066612932448e-01
-2.709545532112130894e-01
-2.703094758739125192e-01
-2.696514378855041083e-01
-2.689806978027604045e-01
-2.682975308522491109e-01
-2.676022170238671061e-01
-2.668950397100024463e-01
-2.661762857055345877e-01
-2.654462452078340529e-01
-2.647052118167626533e-01
-2.639534825346733227e-01
-2.631913577664102832e-01
-2.624191413193090461e-01
-2.616371404031962999e-01
-2.608456656303898002e-01
-2.600450310156987577e-01
-2.592355539764235051e-01
-2.584175553323555530e-01
-2.575913593057775897e-01
-2.567572935214637031e-01
-2.559156890066789924e-01
-2.550668720052671201e-01
-2.542111665146281063e-01
-2.533489116629689675e-01
-2.524804470022557479e-01
-2.516061122623626800e-01
-2.507262473510728507e-01
-2.498411923540777846e-01
-2.489512875349775278e-01
-2.480568733352807587e-01
-2.471582903744046489e-01
-2.462558794496748915e-01
-2.453499815363258396e-01
-2.444409377875002010e-01
-2.435290895342493989e-01
-2.426147782855333779e-01
-2.416983457282205761e-01
-2.407801337270880360e-01
-2.398604843248213214e-01
-2.389397397420145452e-01
-2.380182414696112025e-01
-2.370963166758758012e-01
-2.361743015864584960e-01
-2.352525354526687762e-01
-2.343313548102829436e-01
-2.334110934795441128e-01
-2.324920825651622391e-01
-2.315746504563141739e-01
-2.306591228266434423e-01
-2.297458226342604659e-01
-2.288350701217425620e-01
-2.279271828161338054e-01
-2.270224755289451390e-01
-2.261212603561542633e-01
-2.252238466782057746e-01
-2.243305411600111099e-01
-2.234416477509484078e-01
-2.225574676848627587e-01
-2.216782994800660378e-01
-2.208044389393369611e-01
-2.199361791499210572e-01
-2.190738080212809302e-01
-2.182176027119861472e-01
-2.173678483006440676e-01
-2.165248271198314534e-01
-2.156888171780751429e-01
-2.148600921598519120e-01
-2.140389214255887240e-01
-2.132255700116625075e-01
-2.124202986304003227e-01
-2.116233636700793064e-01
-2.108350171949265328e-01
-2.100555069451192636e-01
-2.092850763367848366e-01
-2.085239644620005828e-01
-2.077724060887939372e-01
-2.070306316611423836e-01
-2.062988672989735373e-01
-2.055773347981649235e-01
-2.048662516305442549e-01
-2.041658309438893204e-01
-2.034762815619279019e-01
-2.027978079843379133e-01
-2.021306103867472614e-01
-2.014748841603639096e-01
-2.008308145127524758e-01
-2.001985898811595999e-01
-1.995783971807402191e-01
-1.989704187827786019e-01
-1.983748325146884317e-01
-1.977918116600129450e-01
-1.972215249584247099e-01
-1.966641366057258200e-01
-1.961198062538477005e-01
-1.955886890108513021e-01
-1.950709354409270457e-01
-1.945666915643947115e-01
-1.940760988577036050e-01
-1.935992942534323635e-01
-1.931364101402892053e-01
-1.926875743631116522e-01
-1.922529102228667797e-01
-1.918325364766510222e-01
-1.914265673376903121e-01
-1.910351124753400520e-01
-1.906582770150849204e-01
-1.902961615385392047e-01
-1.899488620834466346e-01
-1.896164701436802713e-01
-1.892990726692426739e-01
-1.889967520662658995e-01
-1.887095863164720833e-01
-1.884376553535579146e-01
-1.881810362138294779e-01
-1.879397994410020312e-01
-1.877140111838940528e-01
-1.875037331964274634e-01
-1.873090228376274036e-01
-1.871299330716224285e-01
-1.869665124676444801e-01
-1.868188052000287203e-01
-1.866868510482137256e-01
-1.865706853967414314e-01
-1.864703392352570210e-01
-1.863858391585091479e-01
-1.863172073663496853e-01
-1.862644616637339490e-01
-1.862276154607204748e-01
-1.862066777724712685e-01
-1.862016532192515839e-01
-1.862125420264300335e-01
-1.862393400244786168e-01
-1.862820386489726088e-01
-1.863406249405906712e-01
-1.864150815451147414e-01
-1.865053867134301990e-01
-1.866115143483696170e-01
-1.867334390733705329e-01
-1.868711323183183948e-01
-1.870245588667085734e-01
-1.871936791498907404e-01
-1.873784492470688956e-01
-1.875788208853013117e-01
-1.877947414395005343e-01
-1.880261539324334930e-01
-1.882729970347213899e-01
-1.885352050648397004e-01
-1.888127079891182281e-01
-1.891054314217411325e-01
-1.894132966247467353e-01
-1.897362205080278530e-01
-1.900741156293314915e-01
-1.904268901942589576e-01
-1.907944480562659417e-01
-1.911766887166623241e-01
-1.915735073246123965e-01
-1.919847946771346958e-01
-1.924104372191020595e-01
-1.928503170432417091e-01
-1.933043119384090791e-01
-1.937722982522698811e-01
-1.942541479290879891e-01
-1.947497273002408713e-01
-1.952588983802445444e-01
-1.957815188667534345e-01
-1.963174421405607106e-01
-1.968665172655978124e-01
-1.974285889889348111e-01
-1.980034977407802432e-01
-1.985910796344811657e-01
-1.991911664665231563e-01
-1.998035857165302853e-01
-2.004281605472651162e-01
-2.010647098046287884e-01
-2.017130480176608787e-01
-2.023729853985395399e-01
-2.030443278425813625e-01
-2.037268769282415404e-01
-2.044204299171136496e-01
-2.051247797539298146e-01
-2.058397150665608466e-01
-2.065650201660158836e-01
-2.073004763323610944e-01
-2.080458659947894418e-01
-2.088009586287077057e-01
-2.095655184750358224e-01
-2.103393061673231867e-01
-2.111220787317486802e-01
-2.119135895871207265e-01
-2.127135885448771802e-01
-2.135218218090854936e-01
-2.143380319764425501e-01
-2.151619580362747475e-01
-2.159933353705380255e-01
-2.168318957538176717e-01
-2.176773673533287934e-01
-2.185294747289157624e-01
-2.193879388330524371e-01
-2.202524770108422736e-01
-2.211228030000181866e-01
-2.219986269309425775e-01
-2.228796553266074454e-01
-2.237655911026341371e-01
-2.246561335672736526e-01
-2.255509784214063951e-01
-2.264498213554051453e-01
-2.273523700557804339e-01
-2.282583086488675916e-01
-2.291673161959035254e-01
-2.300790705015961779e-01
-2.309932481141251659e-01
-2.319095243251410032e-01
-2.328275731697655726e-01
-2.337470674265919590e-01
-2.346676786176845608e-01
-2.355890770085790342e-01
-2.365109316082822377e-01
-2.374329101692722876e-01
-2.383546791874986415e-01
-2.392759039023819034e-01
-2.401962482968139634e-01
-2.411153750971579968e-01
-2.420329457732484368e-01
-2.429486205383908914e-01
-2.438620583493621985e-01
-2.447729169064107591e-01
-2.456808526532558989e-01
-2.465855207770882296e-01
-2.474865761011360854e-01
-2.483836986126428947e-01
-2.492765483554230665e-01
-2.501647729250943142e-01
-2.510480226594942188e-01
-2.519259506386805070e-01
-2.527982126849308009e-01
-2.536644673627425628e-01
-2.545243759788333726e-01
-2.553776025821407059e-01
-2.562238139638221002e-01
-2.570626796572547668e-01
-2.578938719380363676e-01
-2.587170658239841825e-01
-2.595319390751354427e-01
-2.603381721937474969e-01
-2.611354484242975893e-01
-2.619234537534829155e-01
-2.627018769102206774e-01
-2.634704093656479729e-01
-2.642287453331220171e-01
-2.649765817682197544e-01
-2.657136183687383579e-01
-2.664395575746947298e-01
-2.671541045683258897e-01
-2.678569753198581926e-01
-2.685478943814139652e-01
-2.692265744685329310e-01
-2.698927338858625458e-01
-2.705460969621108491e-01
-2.711863940500460757e-01
-2.718133615264966552e-01
-2.724267417923513235e-01
-2.730262832725590672e-01
-2.736117404161291233e-01
-2.741828736961309243e-01
-2.747394496096942085e-01
-2.752812406780089649e-01
-2.758080254463254333e-01
-2.763195884839541039e-01
-2.768157203842656622e-01
-2.772962177646910997e-01
-2.777608832667217142e-01
-2.782095255559089986e-01
-2.786419593218646962e-01
-2.790580052782606901e-01
-2.794574929414209707e-01
-2.798402594825636913e-01
-2.802061401985639355e-01
-2.805549778569974007e-01
-2.808866230945945008e-01
-2.812009344172403669e-01
-2.814977781999747908e-01
-2.817770286869922813e-01
-2.820385679916420085e-01
-2.822822860964278036e-01
-2.825080808530081589e-01
-2.827158579821964501e-01
-2.829055310739604367e-01
-2.830770215874228724e-01
-2.832302588508608943e-01
-2.833651800617065786e-01
-2.834817302865465516e-01
-2.835798624611221563e-01
-2.836595373903293971e-01
-2.837207237482189948e-01
-2.837633980779964427e-01
-2.837875423172552813e-01
-2.837931418743295242e-01
-2.837801929490034181e-01
-2.837486997423171453e-01
-2.836986743619455686e-01
-2.836301368221983976e-01
-2.835431150440201886e-01
-2.834376448549901784e-01
-2.833137699893223949e-01
-2.831715420878657685e-01
-2.830110206981039100e-01
-2.828322732741552770e-01
-2.826353751767730627e-01
-2.824204096733452518e-01
-2.821874679378946760e-01
-2.819366490510789580e-01
-2.816680600001904011e-01
-2.813818156791561553e-01
-2.810780388885382175e-01
-2.807568575758191409e-01
-2.804183989765512974e-01
-2.800628052299981574e-01
-2.796902258160244292e-01
-2.793008166424222893e-01
-2.788947400449112157e-01
-2.784721647871380434e-01
-2.780332660606770201e-01
-2.775782254850296948e-01
-2.771072311076250294e-01
-2.766204774038192316e-01
-2.761181652768960326e-01
-2.756005020580664655e-01
-2.750677015064688091e-01
-2.745199838091689215e-01
-2.739575755811599622e-01
-2.733807098653621703e-01
-2.727896261326234750e-01
-2.721845700776461263e-01
-2.715657824738759163e-01
-2.709335139971090212e-01
-2.702880259234882177e-01
-2.696295834767905020e-01
-2.689584558284265903e-01
-2.682749160974413072e-01
-2.675792413505134193e-01
-2.668717126019555796e-01
-2.661526148137144943e-01
-2.654222368953707556e-01
-2.646808717041389536e-01
-2.639288160448677312e-01
-2.631663706700393401e-01
-2.623938402797704184e-01
-2.616115335218113236e-01
-2.608197629915464111e-01
-2.600188452319940891e-01
-2.592091007338066522e-01
-2.583908514334096740e-01
-2.575644093663361778e-01
-2.567301029367112242e-01
-2.558882645294806024e-01
-2.550392273439860968e-01
-2.541833253939655424e-01
-2.533208935075528245e-01
-2.524522673272779905e-01
-2.515777833100671379e-01
-2.506977787272420266e-01
-2.498125916645209388e-01
-2.489225610220180129e-01
-2.480280265142434659e-01
-2.471293286701035652e-01
-2.462268088329006011e-01
-2.453208091603329422e-01
-2.444116726244950077e-01
-2.434997430118772677e-01
-2.425853649233662146e-01
-2.416688836686285424e-01
-2.407506322261635245e-01
-2.398309478835612407e-01
-2.389101753145982387e-01
-2.379886569181273726e-01
-2.370667328180780520e-01
-2.361447408634554657e-01
-2.352230166283416357e-01
-2.343018934118947239e-01
-2.333817022383492812e-01
-2.324627718570160817e-01
-2.315454287422822888e-01
-2.306299970936113997e-01
-2.297167988355432178e-01
-2.288061536176938526e-01
-2.278983788147557754e-01
-2.269937895264977634e-01
-2.260926985777649001e-01
-2.251954165184786305e-01
-2.243022516236367059e-01
-2.234135098933133223e-01
-2.225294915281570696e-01
-2.216504860731541848e-01
-2.207767924049881259e-01
-2.199087065269613728e-01
-2.190465203436708919e-01
-2.181905216610082188e-01
-2.173409941861594585e-01
-2.164982175276052301e-01
-2.156624671951207495e-01
-2.148340145997757467e-01
-2.140131270539344932e-01
-2.132000677712558301e-01
-2.123950958666931399e-01
-2.115984663564943469e-01
-2.108104301582020834e-01
-2.100312340906531627e-01
-2.092611208739792450e-01
-2.085003291296064487e-01
-2.077490933802555173e-01
-2.070076440499416803e-01
-2.062762074639746535e-01
-2.055550058489588328e-01
-2.048442573027217384e-01
-2.041441697295291458e-01
-2.034549503834411910e-01
-2.027768075339767828e-01
-2.021099448898901196e-01
-2.014545615991706062e-01
-2.008108522490429093e-01
-2.001790068659670685e-01
-1.995592109156380800e-01
-1.989516453029864240e-01
-1.983564863721778149e-01
-1.977739059066131733e-01
-1.972040711289286541e-01
-1.966471447009957019e-01
-1.961032847239209675e-01
-1.955726447380464195e-01
-1.950553737229492046e-01
-1.945516160974417597e-01
-1.940615117195717554e-01
-1.935851958866220968e-01
-1.931227993351110339e-01
-1.926744482407919123e-01
-1.922402642186535060e-01
-1.918203643229196287e-01
-1.914148610470495226e-01
-1.910238623237375810e-01
-1.906474715249135143e-01
-1.902857897188724168e-01
-1.899389198427946235e-01
-1.896069582643317708e-01
-1.892899967490572766e-01
-1.889881226291539873e-01
-1.887014188034142337e-01
-1.884299637372397473e-01
-1.881738314626417163e-01
-1.879330915782407574e-01
-1.877078092492670269e-01
-1.874980452075600268e-01
-1.873038557515687152e-01
-1.871252927463515070e-01
-1.869624036235763287e-01
-1.868152313815204801e-01
-1.866838145850707453e-01
-1.865681873657233092e-01
-1.864683794215838686e-01
-1.863844160173674935e-01
-1.863163179843987938e-01
-1.862641017206117244e-01
-1.862277791905497526e-01
-1.862073579253657740e-01
-1.862028410228221409e-01
-1.862142271472906341e-01
-1.862415108718990520e-01
-1.862846888938353984e-01
-1.863437529455070907e-01
-1.864186888476557780e-01
-1.865094780704564803e-01
-1.866160977335175053e-01
-1.867385206058805869e-01
-1.868767151060207743e-01
-1.870306453018464876e-01
-1.872002709106994622e-01
-1.873855472993548876e-01
-1.875864254840211853e-01
-1.878028521303402310e-01
-1.880347695533871877e-01
-1.882821157176706173e-01
-1.885448242371323690e-01
-1.888228243751477742e-01
-1.891160410445254236e-01
-1.894243948075072792e-01
-1.897478018757686735e-01
-1.900861741104182545e-01
-1.904394190219980687e-01
-1.908074397704835057e-01
-1.911901351660086623e-01
-1.915874020204145767e-01
-1.919991338732232322e-01
-1.924252183493254664e-01
-1.928655387581302005e-01
-1.933199740935643007e-01
-1.937883990340726892e-01
-1.942706839426182330e-01
-1.947666948666819942e-01
-1.952762935382628406e-01
-1.957993373738778076e-01
-1.963356794745618472e-01
-1.968851686258679401e-01
-1.974476492978671505e-01
-1.980229616451484875e-01
-1.986109415068190165e-01
-1.992114204065038030e-01
-1.998242255523459132e-01
-2.004491798370064415e-01
-2.010861018376645382e-01
-2.017348058160172986e-01
-2.023951017182798462e-01
-2.030667951751853051e-01
-2.037496881082778988e-01
-2.044435838196008159e-01
-2.051482747602720591e-01
-2.058635472128259036e-01
-2.065891835365015194e-01
-2.073249621672428600e-01
-2.080706576176988565e-01
-2.088260404772232515e-01
-2.095908774118746543e-01
-2.103649311644165687e-01
-2.111479605543173932e-01
-2.119397204777503096e-01
-2.127399619075934500e-01
-2.135484318934297854e-01
-2.143648735615470424e-01
-2.151890261149381756e-01
-2.160206248333006451e-01
-2.168594010730368893e-01
-2.177050822672542685e-01
-2.185573919257649267e-01
-2.194160496350859857e-01
-2.202807710584393230e-01
-2.211512679357517941e-01
-2.220272521325283299e-01
-2.229084436664199032e-01
-2.237945413638895431e-01
-2.246852397888642883e-01
-2.255802315562429605e-01
-2.264792073318961929e-01
-2.273818558326662631e-01
-2.282878638263675652e-01
-2.291969161317859160e-01
-2.301086956186790267e-01
-2.310228832077763916e-01
-2.319391578707792889e-01
-2.328571966303607244e-01
-2.337766745601655705e-01
-2.346972647848103721e-01
-2.356186384798835132e-01
-2.365404648719451330e-01
-2.374624112385271546e-01
-2.383841429081332841e-01
-2.393053232602389557e-01
-2.402256137252914425e-01
-2.411446737847096344e-01
-2.420621609708845934e-01
-2.429777332600314699e-01
-2.438910704770128890e-01
-2.448018272213751678e-01
-2.457096507955996156e-01
-2.466141901476655018e-01
-2.475150958710499727e-01
-2.484120202047281345e-01
-2.493046170331729150e-01
-2.501925418863552020e-01
-2.510754519397437878e-01
-2.519530060143053141e-01
-2.528248645765043268e-01
-2.536906897383034432e-01
-2.545501452571627965e-01
-2.554028965360409797e-01
-2.562486106233941019e-01
-2.570869562131762320e-01
-2.579176036448393439e-01
-2.587402249033334267e-01
-2.595544936191062635e-01
-2.603600850681035417e-01
-2.611566761717689089e-01
-2.619439454970438619e-01
-2.627215732563679129e-01
-2.634892413638014741e-01
-2.642466461386346888e-01
-2.649934811774842802e-01
-2.657294333401446496e-01
-2.664541937606498823e-01
-2.671674578472745254e-01
-2.678689252825327549e-01
-2.685583000231787643e-01
-2.692352903002068754e-01
-2.698996086188512611e-01
-2.705509717585862783e-01
-2.711891007731260794e-01
-2.718137209904248897e-01
-2.724245620126768963e-01
-2.730213577163163596e-01
-2.736038462520174463e-01
-2.741717700446943407e-01
-2.747248757935012442e-01
-2.752629144718323206e-01
-2.757856413273215845e-01
-2.762928158818434010e-01
-2.767842019315118751e-01
-2.772595673887869872e-01
-2.777186805743294684e-01
-2.781613122667708216e-01
-2.785872380034740692e-01
-2.789962376738310823e-01
-2.793880955192628024e-01
-2.797626001332190193e-01
-2.801195444611784269e-01
-2.804587258006487338e-01
-2.807799458011664973e-01
-2.810830104642971783e-01
-2.813677301436351974e-01
-2.816339195448039345e-01
-2.818813977254556180e-01
-2.821099880952715466e-01
-2.823195184159617011e-01
-2.825098208012651879e-01
-2.826807317169500178e-01
-2.828320919808129941e-01
-2.829637467626799352e-01
-2.830755424307550006e-01
-2.831673223703728981e-01
-2.832389336512055045e-01
-2.832902270215732488e-01
-2.833210569061517248e-01
-2.833312814059720242e-01
-2.833207622984202922e-01
-2.832893650372382832e-01
-2.832369587525227494e-01
-2.831634162507259411e-01
-2.830686140146553287e-01
-2.829524322034738248e-01
-2.828147546526994516e-01
-2.826554688742056731e-01
-2.824744660562212295e-01
-2.822716410633301365e-01
-2.820468924364717411e-01
-2.818001223929407217e-01
-2.815312368263869769e-01
-2.812401470022115046e-01
-2.809267658896394959e-01
-2.805909993330537588e-01
-2.802327589215973247e-01
-2.798519627914165531e-01
-2.794485356256611319e-01
-2.790224086544839666e-01
-2.785735196550414017e-01
-2.781018129514929438e-01
-2.776072394150015388e-01
-2.770897564637332944e-01
-2.765493280628578132e-01
-2.759859247245477487e-01
-2.753995235079792492e-01
-2.747901080193317358e-01
-2.741576684117879026e-01
-2.735022013855336609e-01
-2.728237101877584170e-01
-2.721222087000226830e-01
-2.713977356247299078e-01
-2.706503184280050212e-01
-2.698799945976151360e-01
-2.690868157150573814e-01
-2.682708474555591249e-01
-2.674321695880778615e-01
-2.665708759753011026e-01
-2.656870745736466533e-01
-2.647808874332623907e-01
-2.638524506980262641e-01
-2.629019146055465717e-01
-2.619294434871615174e-01
-2.609352157679395434e-01
-2.599194239666793305e-01
-2.588822746959094645e-01
-2.578239886618891030e-01
-2.567448006646069203e-01
-2.556449630904526482e-01
-2.545247560028779388e-01
-2.533844751958621022e-01
-2.522244335739811105e-01
-2.510449614103957283e-01
-2.498464063468514851e-01
-2.486291333936785364e-01
-2.473935249297919137e-01
-2.461399807026912467e-01
-2.448689178284609580e-01
-2.435807707917702070e-01
-2.422759914458728903e-01
-2.409550490126076139e-01
-2.396184300823979152e-01
-2.382666386142514858e-01
-2.369001959357613374e-01
-2.355196407431050520e-01
-2.341255291010448658e-01
-2.327184133843481495e-01
-2.312988652441485271e-01
-2.298674944956943245e-01
-2.284249188995235991e-01
-2.269717641203460035e-01
-2.255086637270427574e-01
-2.240362591926667590e-01
-2.225551998944425014e-01
-2.210661431137661281e-01
-2.195697540362053224e-01
-2.180667057514996676e-01
-2.165576792535597039e-01
-2.150433634404682048e-01
-2.135244551144793446e-01
-2.120016589820189756e-01
-2.104756876536844901e-01
-2.089472616442449304e-01
-2.074171047283996372e-01
-2.058858976405984476e-01
-2.043543526067036764e-01
-2.028231900061505111e-01
-2.012931242298607870e-01
-1.997648636802429600e-01
-1.982391107711922451e-01
-1.967165619280904498e-01
-1.951979075878063075e-01
-1.936838321986945333e-01
-1.921750142205971845e-01
-1.906721261248428001e-01
-1.891758343942465115e-01
-1.876867995231101816e-01
-1.862056760172223213e-01
-1.847331123938580899e-01
-1.832697511817793778e-01
-1.818162284306538701e-01
-1.803731518555972690e-01
-1.789411104954103382e-01
-1.775206860436219225e-01
-1.761124477232691721e-01
-1.747169522868974867e-01
-1.733347440165605713e-01
-1.719663547238204082e-01
-1.706123037497472850e-01
-1.692730979649197387e-01
-1.679492317694246117e-01
-1.666411870928570516e-01
-1.653494333943204553e-01
-1.640744276624265530e-01
-1.628166144152956296e-01
-1.615764257005552762e-01
-1.603542810953424158e-01
-1.591505877063018604e-01
-1.579657413146287326e-01
-1.568001564119128333e-01
-1.556542149488608084e-01
-1.545282685489702545e-01
-1.534226535892770638e-01
-1.523376912003556460e-01
-1.512736872663186516e-01
-1.502309324248173039e-01
-1.492097020670410668e-01
-1.482102563377179216e-01
-1.472328401351141458e-01
-1.462776831110345344e-01
-1.453449996708221503e-01
-1.444349889733585746e-01
-1.435478349310636836e-01
-1.426837062098958442e-01
-1.418427562293517186e-01
-1.410251231624664592e-01
-1.402309299358135974e-01
-1.394602842295050438e-01
-1.387132879984056821e-01
-1.379900511840343735e-01
-1.372906512755819319e-01
-1.366151592550804705e-01
-1.359636416471517451e-01
-1.353361605190072370e-01
-1.347327734804483201e-01
-1.341535336838655390e-01
-1.335984898242396079e-01
-1.330676861391407728e-01
-1.325611624087290330e-01
-1.320789539557540027e-01
-1.316210916455550495e-01
-1.311876018860612114e-01
-1.307785066277912245e-01
-1.303938233638535227e-01
-1.300335651299462103e-01
-1.296977405043570897e-01
-1.293863563698653962e-01
-1.290994406154892249e-01
-1.288370085000415666e-01
-1.285990703514156008e-01
-1.283856364295430097e-01
-1.281967169263937556e-01
-1.280323219659762479e-01
-1.278924616043372597e-01
-1.277771458295620111e-01
-1.276863845617740023e-01
-1.276201876531352086e-01
-1.275785648878459688e-01
-1.275615259821450131e-01
-1.275690805843094078e-01
-1.276012382746546936e-01
-1.276580085655347474e-01
-1.277394009013418374e-01
-1.278454246585066512e-01
-1.279760891454981564e-01
-1.281314036028238790e-01
-1.283113772030296251e-01
-1.285160190506995648e-01
-1.287453381824563703e-01
-1.289993435669609667e-01
-1.292780441049127815e-01
-1.295814486290495227e-01
-1.299095659041473727e-01
-1.302624046270208780e-01
-1.306399580246474790e-01
-1.310422158435170237e-01
-1.314692081608464513e-01
-1.319209613646026569e-01
-1.323974968739871638e-01
-1.328988311394362354e-01
-1.334249756426208466e-01
-1.339759368964466846e-01
-1.345517164450541203e-01
-1.351523108638182369e-01
-1.357777117593488569e-01
-1.364279057694904873e-01
-1.371028745633223189e-01
-1.378025948411583101e-01
-1.385270383345471035e-01
-1.392761718062719978e-01
-1.400499570503510594e-01
-1.408483508920370386e-01
-1.416713051878174257e-01
-1.425187668254143669e-01
-1.433906777237845265e-01
-1.442869748331199464e-01
-1.452075901348467146e-01
-1.461524506416257974e-01
-1.471214783973529561e-01
-1.481145817475425230e-01
-1.491316079350901436e-01
-1.501724026130597800e-01
-1.512368057782321751e-01
-1.523246478034213924e-01
-1.534357494374747888e-01
-1.545699218052730139e-01
-1.557269664077300664e-01
-1.569066751217931821e-01
-1.581088302004429458e-01
-1.593332042726932629e-01
-1.605795603435912489e-01
-1.618476517942174231e-01
-1.631372223816855704e-01
-1.644480062391427411e-01
-1.657797278757693893e-01
-1.671321021767791515e-01
-1.685048344034190404e-01
-1.698976201929693619e-01
-1.713101515420497878e-01
-1.727421599259520435e-01
-1.741933388342326028e-01
-1.756633611954126206e-01
-1.771518893280641382e-01
-1.786585749408101109e-01
-1.801830591323238528e-01
-1.817249723913310078e-01
-1.832839345966066902e-01
-1.848595550169774004e-01
-1.864514323113204974e-01
-1.880591545285642541e-01
-1.896822991076877740e-01
-1.913204328777211582e-01
-1.929731120577452552e-01
-1.946398822568919385e-01
-1.963202784743438845e-01
-1.980138250993346560e-01
-1.997200359111487578e-01
-2.014384163480026357e-01
-2.031684938192916123e-01
-2.049097595582760056e-01
-2.066616837676271967e-01
-2.084237287080370482e-01
-2.101953486982178765e-01
-2.119759901149024517e-01
-2.137650913928440810e-01
-2.155620830248164699e-01
-2.173663875616138608e-01
-2.191774196120508944e-01
-2.209945858429627208e-01
-2.228172849792049715e-01
-2.246449078036537317e-01
-2.264768371572055683e-01
-2.283124479387775296e-01
-2.301511071053070345e-01
-2.319921736717516225e-01
-2.338349987110907302e-01
-2.356789253543227491e-01
-2.375232887904670520e-01
-2.393674162665635208e-01
-2.412106292024624454e-01
-2.430522858661990082e-01
-2.448916985598006690e-01
-2.467281559469331476e-01
-2.485609474752702164e-01
-2.503893633764936455e-01
-2.522126946662932023e-01
-2.540302331443667350e-01
-2.558412713944201444e-01
-2.576451027841673014e-01
-2.594410214653301017e-01
-2.612283223736384663e-01
-2.630063012288303415e-01
-2.647742545346518095e-01
-2.665314795788568114e-01
-2.682772744332074244e-01
-2.700109379534736953e-01
-2.717317697794336961e-01
-2.734390703348736351e-01
-2.751321408275875235e-01
-2.768102832493776755e-01
-2.784728003760542636e-01
-2.801189957674354303e-01
-2.817481796151419804e-01
-2.833596985733140561e-01
-2.849528673858097716e-01
-2.865270007592142787e-01
-2.880814224486109576e-01
-2.896154652575834154e-01
-2.911284710382147645e-01
-2.926197906910881219e-01
-2.940887841652859991e-01
-2.955348204583908012e-01
-2.969572776164845496e-01
-2.983555427341490485e-01
-2.997290119544656073e-01
-3.010770904690154848e-01
-3.023991925178795004e-01
-3.036947413896381454e-01
-3.049631694213716382e-01
-3.062039179986599802e-01
-3.074164375555827333e-01
-3.086001914212318509e-01
-3.097546635653700142e-01
-3.108793305982652799e-01
-3.119736812774565604e-01
-3.130372191384699909e-01
-3.140694624948189850e-01
-3.150699444380042347e-01
-3.160382128375136546e-01
-3.169738303408224933e-01
-3.178763743733931668e-01
-3.187454371386753693e-01
-3.195806256181061289e-01
-3.203815615711095299e-01
-3.211478815350969906e-01
-3.218792368254675962e-01
-3.225752935356070439e-01
-3.232357325368886980e-01
-3.238602516826433186e-01
-3.244485665020780951e-01
-3.250003990143864874e-01
-3.255154885254704089e-01
-3.259935924683368125e-01
-3.264344864030975790e-01
-3.268379640169694067e-01
-3.272038371242738664e-01
-3.275319356664374570e-01
-3.278221077119914950e-01
-3.280742194565722802e-01
-3.282881552229208744e-01
-3.284638174608833783e-01
-3.286011267474105990e-01
-3.287000217865583274e-01
-3.287604594094872823e-01
-3.287824145744630000e-01
-3.287658775014271617e-01
-3.287108507110989564e-01
-3.286173583754561922e-01
-3.284854427473694605e-01
-3.283151639956568002e-01
-3.281066002050835317e-01
-3.278598473763623122e-01
-3.275750194261530801e-01
-3.272522481870632216e-01
-3.268916834076474043e-01
-3.264934927524074659e-01
-3.260578618017927477e-01
-3.255849940521998165e-01
-3.250751109159727426e-01
-3.245284517214027109e-01
-3.239452737127283544e-01
-3.233258429663671274e-01
-3.226704397004407365e-01
-3.219793683707473098e-01
-3.212529480788330338e-01
-3.204915125640120377e-01
-3.196954102033665035e-01
-3.188650040117465556e-01
-3.180006716417702606e-01
-3.171028053838237382e-01
-3.161718121660609393e-01
-3.152081135544039237e-01
-3.142121457525427486e-01
-3.131843596019353027e-01
-3.121252205818075831e-01
-3.110352088091534739e-01
-3.099148157386739655e-01
-3.087645306227001507e-01
-3.075848692306147880e-01
-3.063763600127494269e-01
-3.051395410244815976e-01
-3.038749599262347556e-01
-3.025831739834780598e-01
-3.012647500667265943e-01
-2.999202646515414239e-01
-2.985503038185297053e-01
-2.971554632533433549e-01
-2.957363482466813798e-01
-2.942935736942881020e-01
-2.928277640969538798e-01
-2.913395535605148856e-01
-2.898295857958530508e-01
-2.882985054624186416e-01
-2.867469550332049089e-01
-2.851756011976844807e-01
-2.835851147525070282e-01
-2.819761697916585153e-01
-2.803494437064611433e-01
-2.787056171855735731e-01
-2.770453742149905918e-01
-2.753694020780434459e-01
-2.736783913553995640e-01
-2.719730359250627227e-01
-2.702540329623730475e-01
-2.685220829400069009e-01
-2.667778896279769385e-01
-2.650221600936322752e-01
-2.632556047016580969e-01
-2.614789349982499234e-01
-2.596928432064227188e-01
-2.578980428119018731e-01
-2.560952518796089095e-01
-2.542851846986277087e-01
-2.524685517822046199e-01
-2.506460598677482388e-01
-2.488184119168298791e-01
-2.469863071151817968e-01
-2.451504408727000761e-01
-2.433115048234426037e-01
-2.414701868256295403e-01
-2.396271709616434320e-01
-2.377831375380291823e-01
-2.359387630854939411e-01
-2.340947203589072156e-01
-2.322516783373008153e-01
-2.304103021344292845e-01
-2.285712333458299050e-01
-2.267351093578827692e-01
-2.249025723706961910e-01
-2.230742553525834060e-01
-2.212507820400625991e-01
-2.194327669378567103e-01
-2.176208153188937400e-01
-2.158155232243064992e-01
-2.140174774634327204e-01
-2.122272556138150024e-01
-2.104454260212008931e-01
-2.086725477995428069e-01
-2.069091708309980793e-01
-2.051558357659289122e-01
-2.034130740229024292e-01
-2.016814077886906753e-01
-1.999613500182705617e-01
-1.982534039997098096e-01
-1.965580546972156006e-01
-1.948757855470017453e-01
-1.932070741288032523e-01
-1.915523872998855515e-01
-1.899121811950426064e-01
-1.882869012265973585e-01
-1.866769820844017824e-01
-1.850828477358368029e-01
-1.835049114258123781e-01
-1.819435756767674439e-01
-1.803992322886699695e-01
-1.788722623390168187e-01
-1.773630361828339996e-01
-1.758719134526764150e-01
-1.743992430586279729e-01
-1.729453631883016429e-01
-1.715106013068393165e-01
-1.700952741569119187e-01
-1.686996877587193799e-01
-1.673241292115497381e-01
-1.659688786270610283e-01
-1.646342331386707325e-01
-1.633204806656173569e-01
-1.620278992234166215e-01
-1.607567569238615157e-01
-1.595073119750221868e-01
-1.582798126812461070e-01
-1.570744974431579066e-01
-1.558915947576594574e-01
-1.547313232179299003e-01
-1.535938915134255622e-01
-1.524794984298803169e-01
-1.513883328493043634e-01
-1.503205737499860584e-01
-1.492763902064906389e-01
-1.482559413896606115e-01
-1.472593765666157239e-01
-1.462868351007529100e-01
-1.453384462905740471e-01
-1.444143099539236530e-01
-1.435145001866276748e-01
-1.426390888096643328e-01
-1.417881419016165379e-01
-1.409617197986719195e-01
-1.401598770946228256e-01
-1.393826626408662950e-01
-1.386301195464040570e-01
-1.379022851778425596e-01
-1.371991911593929692e-01
-1.365208633728711429e-01
-1.358673219576976288e-01
-1.352385813108976931e-01
-1.346346500871013208e-01
-1.340555311985431597e-01
-1.335012218150625762e-01
-1.329717133641037108e-01
-1.324669916906179856e-01
-1.319870616926793749e-01
-1.315319283251313864e-01
-1.311015831104099250e-01
-1.306960179916422382e-01
-1.303152253326468613e-01
-1.299591979179332280e-01
-1.296279289527023093e-01
-1.293214120628462249e-01
-1.290396412949482707e-01
-1.287826111162830023e-01
-1.285503164148162070e-01
-1.283427524992048208e-01
-1.281599150987971225e-01
-1.280018003636325119e-01
-1.278684048644416482e-01
-1.277597255926464503e-01
-1.276757599603599858e-01
-1.276165058003866093e-01
-1.275819613662218521e-01
-1.275721253320525050e-01
-1.275869967927565907e-01
-1.276265752639032802e-01
-1.276908606817530878e-01
-1.277798534032576205e-01
-1.278935542060598007e-01
-1.280319642884937548e-01
-1.281950852695848131e-01
-1.283829121869363155e-01
-1.285954164916294773e-01
-1.288326168120830229e-01
-1.290945368230108359e-01
-1.293811977237908084e-01
-1.296926182384645909e-01
-1.300288146157378144e-01
-1.303898006289798406e-01
-1.307755875762242337e-01
-1.311861842801681222e-01
-1.316215970881726427e-01
-1.320818298722627737e-01
-1.325668840291274186e-01
-1.330767584801193226e-01
-1.336114496712551558e-01
-1.341709515732154023e-01
-1.347552556813445268e-01
-1.353643510156508079e-01
-1.359982241208063936e-01
-1.366568590661473570e-01
-1.373402374456736408e-01
-1.380483383780490292e-01
-1.387811385066012870e-01
-1.395386119993219376e-01
-1.403207305488664847e-01
-1.411274633725542460e-01
-1.419587772123684366e-01
-1.428146363349562242e-01
-1.436950024681349081e-01
-1.445997961724135861e-01
-1.455289076252092584e-01
-1.464822352198585365e-01
-1.474596664026834869e-01
-1.484610776729916315e-01
-1.494863345830759749e-01
-1.505352917382150046e-01
-1.516077927966725802e-01
-1.527036704696978775e-01
-1.538227465215263323e-01
-1.549648317693779476e-01
-1.561297260834585698e-01
-1.573172183869594454e-01
-1.585270866560573033e-01
-1.597590979199143280e-01
-1.610130082606782143e-01
-1.622885628134820568e-01
-1.635854957664444886e-01
-1.649035303606695702e-01
-1.662423796562110534e-01
-1.676017758273939950e-01
-1.689814470570394356e-01
-1.703811030419980777e-01
-1.718004431444359326e-01
-1.732391563918344035e-01
-1.746969214769903134e-01
-1.761734067580157659e-01
-1.776682702583382567e-01
-1.791811596667006456e-01
-1.807117123371612122e-01
-1.822595552890935444e-01
-1.838243052071866224e-01
-1.854055684414447347e-01
-1.870029410071876175e-01
-1.886160085850503154e-01
-1.902443465209832929e-01
-1.918875198262523230e-01
-1.935450831774385705e-01
-1.952165809164380927e-01
-1.969015487209117288e-01
-1.985995259768438548e-01
-2.003100244995286716e-01
-2.020325420630161573e-01
-2.037665679604959701e-01
-2.055115830042976155e-01
-2.072670595258901682e-01
-2.090324613758826333e-01
-2.108072439240235851e-01
-2.125908540592014451e-01
-2.143827301894443149e-01
-2.161823022419201157e-01
-2.179889916629363933e-01
-2.198022114179405406e-01
-2.216213659915196310e-01
-2.234458513874004459e-01
-2.252750551284495861e-01
-2.271083562566733882e-01
-2.289451253332178138e-01
-2.307847244383686991e-01
-2.326265071715515331e-01
-2.344698186513315963e-01
-2.363139955154139049e-01
-2.381583935363447424e-01
-2.400023640643859368e-01
-2.418452079290019652e-01
-2.436862251652682221e-01
-2.455247154650572472e-01
-2.473599781770388084e-01
-2.491913123066793467e-01
-2.510180165162440025e-01
-2.528393891247935898e-01
-2.546547281081866232e-01
-2.564633310990787618e-01
-2.582644953869228654e-01
-2.600575179179689944e-01
-2.618416952952644094e-01
-2.636163237786535718e-01
-2.653806992847780322e-01
-2.671341173870766528e-01
-2.688758733157853298e-01
-2.706052619579373264e-01
-2.723215778573629953e-01
-2.740241152146898340e-01
-2.757121678873425963e-01
-2.773850364630963128e-01
-2.790420721477893662e-01
-2.806825781985951562e-01
-2.823058517498705511e-01
-2.839111985235418523e-01
-2.854979328291049057e-01
-2.870653775636249350e-01
-2.886128642117364862e-01
-2.901397328456438163e-01
-2.916453321251203379e-01
-2.931290192975091191e-01
-2.945901601977224948e-01
-2.960281292482424553e-01
-2.974423094591202021e-01
-2.988320924279764812e-01
-3.001968783400011942e-01
-3.015360759679546199e-01
-3.028491026721655266e-01
-3.041353844005323936e-01
-3.053943556885231336e-01
-3.066254596591752590e-01
-3.078281483262448881e-01
-3.090018968119345177e-01
-3.101461803240524451e-01
-3.112604785470121649e-01
-3.123442858803069933e-01
-3.133971114385100121e-01
-3.144184790512741245e-01
-3.154079272633319997e-01
-3.163650093344960723e-01
-3.172892932396584875e-01
-3.181803616687913783e-01
-3.190378120269463658e-01
-3.198612564342551146e-01
-3.206503217259289440e-01
-3.214046494522589392e-01
-3.221238958786160067e-01
-3.228077319854508187e-01
-3.234558437098705719e-01
-3.240679377195576638e-01
-3.246437282937502666e-01
-3.251829431218254407e-01
-3.256853280016073215e-01
-3.261506468393672309e-01
-3.265786816498233991e-01
-3.269692325561411872e-01
-3.273221177899334755e-01
-3.276371736912597754e-01
-3.279142547086268955e-01
-3.281532333989887751e-01
-3.283540004277463176e-01
-3.285164645687477236e-01
-3.286405527042882135e-01
-3.287262098251100828e-01
-3.287733990304028686e-01
-3.287821010743330885e-01
-3.287523078856055547e-01
-3.286840304891742170e-01
-3.285772993396633979e-01
-3.284321628299172180e-01
-3.282486872909994857e-01
-3.280269569921939188e-01
-3.277670741410040889e-01
-3.274691588831533662e-01
-3.271333493025848083e-01
-3.267598014214614932e-01
-3.263486892001662421e-01
-3.259002045373015632e-01
-3.254145572696899857e-01
-3.248919751723737259e-01
-3.243327039586148541e-01
-3.237370049415478901e-01
-3.231051443946220125e-01
-3.224374145892955346e-01
-3.217341247633959678e-01
-3.209955988460573839e-01
-3.202221754577195267e-01
-3.194142079101293108e-01
-3.185720642063395447e-01
-3.176961270407095972e-01
-3.167867937989051197e-01
-3.158444765578982683e-01
-3.148696020859673150e-01
-3.138626118426971479e-01
-3.128239619789788817e-01
-3.117541233370099696e-01
-3.106535814308552523e-01
-3.095228226177483832e-01
-3.083623471296102481e-01
-3.071726766970308553e-01
-3.059543427225099310e-01
-3.047078862804568633e-01
-3.034338581171907578e-01
-3.021328186509403269e-01
-3.008053379718438891e-01
-2.994519958419495365e-01
-2.980733816952149118e-01
-2.966700946375074310e-01
-2.952427434466041167e-01
-2.937919465721915424e-01
-2.923183321358661657e-01
-2.908225379311339398e-01
-2.893052100628495937e-01
-2.877669848236343308e-01
-2.862085195243919133e-01
-2.846304822869339946e-01
-2.830335446058429572e-01
-2.814183813484747443e-01
-2.797856707549568611e-01
-2.781360944381892075e-01
-2.764703373838436895e-01
-2.747890879503643857e-01
-2.730930378689675475e-01
-2.713828822436416544e-01
-2.696593195511472474e-01
-2.679230516410171514e-01
-2.661747837355561419e-01
-2.644152244298414445e-01
-2.626450856917221799e-01
-2.608650690066501854e-01
-2.590758736197486534e-01
-2.572782191009650998e-01
-2.554728215719088147e-01
-2.536603934754593226e-01
-2.518416435757662164e-01
-2.500172769582493237e-01
-2.481879950295984849e-01
-2.463544955177738027e-01
-2.445174724720055037e-01
-2.426776162627938827e-01
-2.408356135819094967e-01
-2.389921474423929715e-01
-2.371478971785550560e-01
-2.353035384459767343e-01
-2.334597432215090307e-01
-2.316171798032737039e-01
-2.297765059057312598e-01
-2.279383545769043951e-01
-2.261033715105606745e-01
-2.242721954240398663e-01
-2.224454558405891680e-01
-2.206237730893633731e-01
-2.188077583054246211e-01
-2.169980134297426477e-01
-2.151951312091946178e-01
-2.133996951965651812e-01
-2.116122797505464725e-01
-2.098334500357381116e-01
-2.080637620226472029e-01
-2.063037624876883358e-01
-2.045539890131835847e-01
-2.028149699873624534e-01
-2.010872246043620415e-01
-1.993712628642267948e-01
-1.976675803736051007e-01
-1.959766598656040026e-01
-1.942989855640671615e-01
-1.926350313132865200e-01
-1.909852602442826952e-01
-1.893501247748050065e-01
-1.877300666093314752e-01
-1.861255167390688803e-01
-1.845368954419525642e-01
-1.829646122826467380e-01
-1.814090661125441761e-01
-1.798706450697668824e-01
-1.783497265791641750e-01
-1.768466773523154623e-01
-1.753618533875283547e-01
-1.738955999698391930e-01
-1.724482516710130198e-01
-1.710201323495435799e-01
-1.696115551506532648e-01
-1.682228203621074225e-01
-1.668542030684435074e-01
-1.655059988586627118e-01
-1.641785014418553901e-01
-1.628719947286497161e-01
-1.615867528312119328e-01
-1.603230400632461861e-01
-1.590811109399946632e-01
-1.578612101782374821e-01
-1.566635726962926634e-01
-1.554884236140162967e-01
-1.543359782528024027e-01
-1.532064421355829320e-01
-1.521000109868278494e-01
-1.510168707325451054e-01
-1.499571975002805535e-01
-1.489211576191180608e-01
-1.479089076196794528e-01
-1.469205942341245130e-01
-1.459563543961510113e-01
-1.450163066857013960e-01
-1.441005316299089067e-01
-1.432091056257253636e-01
-1.423420996121401716e-01
-1.414995786227185581e-01
-1.406816017856006296e-01
-1.398882223235014821e-01
-1.391194875537112852e-01
-1.383754388880953368e-01
-1.376561118330939526e-01
-1.369615359897225215e-01
-1.362917350535714778e-01
-1.356467268148063288e-01
-1.350265231581677106e-01
-1.344311300629712214e-01
-1.338605476031076158e-01
-1.333147699470426384e-01
-1.327937853578171623e-01
-1.322975866487552943e-01
-1.318261878141039900e-01
-1.313795818420878392e-01
-1.309577605870925199e-01
-1.305607163072400323e-01
-1.301884416643889486e-01
-1.298409297241342464e-01
-1.295181739558073364e-01
-1.292201682324761458e-01
-1.289469068309449795e-01
-1.286983844317546588e-01
-1.284745961191824937e-01
-1.282755373812421162e-01
-1.281012041096837861e-01
-1.279515925999941128e-01
-1.278266995513961390e-01
-1.277265220668494516e-01
-1.276510576530500429e-01
-1.276003042204303661e-01
-1.275742600831593354e-01
-1.275729239591423259e-01
-1.275962949700211735e-01
-1.276443726411741475e-01
-1.277171569017160058e-01
-1.278146480844979394e-01
-1.279368469261076280e-01
-1.280837545668691291e-01
-1.282553714310209481e-01
-1.284516683082064514e-01
-1.286726508863957896e-01
-1.289183433923010991e-01
-1.291887676540598440e-01
-1.294839431012347053e-01
-1.298038867648136363e-01
-1.301486132772099458e-01
-1.305181348722621593e-01
-1.309124613852341024e-01
-1.313316002528149007e-01
-1.317755565131188966e-01
-1.322443328056857603e-01
-1.327379293714804620e-01
-1.332563440528931886e-01
-1.337995722937394827e-01
-1.343676071392601035e-01
-1.349604392361211103e-01
-1.355780568324136681e-01
-1.362204457776547695e-01
-1.368875895227861239e-01
-1.375794691201749076e-01
-1.382960632236135967e-01
-1.390373480883199120e-01
-1.398032975709369019e-01
-1.405938831295328595e-01
-1.414090738236013500e-01
-1.422488363140612389e-01
-1.431131348632566913e-01
-1.440019228324929956e-01
-1.449150940982507074e-01
-1.458525487213389593e-01
-1.468141815252845817e-01
-1.477998763658875392e-01
-1.488095061312208200e-01
-1.498429327416305745e-01
-1.509000071497360596e-01
-1.519805693404296387e-01
-1.530844483308767545e-01
-1.542114621705159838e-01
-1.553614179410590379e-01
-1.565341117564906515e-01
-1.577293287630687491e-01
-1.589468431393243064e-01
-1.601864180960614337e-01
-1.614478058763573753e-01
-1.627307477555624271e-01
-1.640349740412999913e-01
-1.653602040734662992e-01
-1.667061537587025133e-01
-1.680725619011145811e-01
-1.694591468938378420e-01
-1.708656147686010152e-01
-1.722916612383252610e-01
-1.737369716971241818e-01
-1.752012212203037378e-01
-1.766840745643623589e-01
-1.781851861669908332e-01
-1.797042001470723904e-01
-1.812407503046827018e-01
-1.827944601210897968e-01
-1.843649427587541190e-01
-1.859518010613285532e-01
-1.875546275536584262e-01
-1.891730044417813950e-01
-1.908065036129275860e-01
-1.924546866355195396e-01
-1.941171047591721821e-01
-1.957932989146928537e-01
-1.974828059125861845e-01
-1.991851583501805245e-01
-2.008998605317674213e-01
-2.026264073336963567e-01
-2.043642851498856383e-01
-2.061129718918223719e-01
-2.078719369885624058e-01
-2.096406413867304142e-01
-2.114185375505198694e-01
-2.132050694616925146e-01
-2.149996726195803620e-01
-2.168017740410827510e-01
-2.186107922606682907e-01
-2.204261373303743887e-01
-2.222472108198072227e-01
-2.240734058161417963e-01
-2.259041069241218835e-01
-2.277386902660600010e-01
-2.295765234818375466e-01
-2.314169657289046611e-01
-2.332593676822802276e-01
-2.351030715345520106e-01
-2.369474130450091032e-01
-2.387917629059232716e-01
-2.406354455893989774e-01
-2.424777613106064433e-01
-2.443180099458773791e-01
-2.461554910327048429e-01
-2.479895037697432136e-01
-2.498193470168084129e-01
-2.516443192948776275e-01
-2.534637187860895313e-01
-2.552768433337441190e-01
-2.570829904423028722e-01
-2.588814572773885381e-01
-2.606715406657853507e-01
-2.624525370954389203e-01
-2.642237427154562890e-01
-2.659844533361058194e-01
-2.677339644288168063e-01
-2.694715711261814195e-01
-2.711965682219518170e-01
-2.729082501710419217e-01
-2.746059110895270883e-01
-2.762888447546441584e-01
-2.779563667259328241e-01
-2.796078226202354244e-01
-2.812425067046638305e-01
-2.828597189739663342e-01
-2.844587680180825640e-01
-2.860389710221431514e-01
-2.875996537664700092e-01
-2.891401506265763865e-01
-2.906598045731664248e-01
-2.921579671721357130e-01
-2.936339985845709544e-01
-2.950872675667499667e-01
-2.965171514701419042e-01
-2.979230362414069799e-01
-2.993043164223966324e-01
-3.006603951501536365e-01
-3.019906841569116596e-01
-3.032946037700958719e-01
-3.045715829123224472e-01
-3.058210591013988400e-01
-3.070424784503236193e-01
-3.082352985058262607e-01
-3.093989993780938419e-01
-3.105330547715079992e-01
-3.116369493701844906e-01
-3.127101825786043898e-01
-3.137522685216124207e-01
-3.147627360444180677e-01
-3.157411287125951316e-01
-3.166870048120820624e-01
-3.175999373491816824e-01
-3.184795140505612410e-01
-3.193253373632524705e-01
-3.201370244546515864e-01
-3.209142072125192313e-01
-3.216565322449804754e-01
-3.223636608805250381e-01
-3.230352691680067889e-01
-3.236710494204010913e-01
-3.242707130490729561e-01
-3.248339773621148341e-01
-3.253605762429674919e-01
-3.258502616853534151e-01
-3.263028037932765302e-01
-3.267179907810223161e-01
-3.270956289731578037e-01
-3.274355428045315763e-01
-3.277375748202738248e-01
-3.280015856757962922e-01
-3.282274541367921072e-01
-3.284150770792361729e-01
-3.285643694893848332e-01
-3.286752644637759846e-01
-3.287477132092290200e-01
-3.287816850428450510e-01
-3.287771654839271029e-01
-3.287341514644601115e-01
-3.286526612479263032e-01
-3.285327314540208987e-01
-3.283744166391017738e-01
-3.281777892961893484e-01
-3.279429398549664199e-01
-3.276699766817786630e-01
-3.273590260796340190e-01
-3.270102322882031953e-01
-3.266237574838194435e-01
-3.261997817794784482e-01
-3.257385032248386603e-01
-3.252401378062208526e-01
-3.247049194466086197e-01
-3.241331000056479339e-01
-3.235249427503660291e-01
-3.228807210010731787e-01
-3.222007341076510434e-01
-3.214852963785708728e-01
-3.207347368094175533e-01
-3.199493990828893852e-01
-3.191296415687981947e-01
-3.182758373240692773e-01
-3.173883740927415098e-01
-3.164676543059672387e-01
-3.155140950820122248e-01
-3.145281282262559208e-01
-3.135102002311910829e-01
-3.124607722764244366e-01
-3.113803202286751781e-01
-3.102693329298437108e-01
-3.091282963158711317e-01
-3.079577207235564273e-01
-3.067581312451453379e-01
-3.055300626394187868e-01
-3.042740593316924369e-01
-3.029906754138171898e-01
-3.016804746441786866e-01
-3.003440304476976963e-01
-2.989819259158300047e-01
-2.975947538065662479e-01
-2.961831165444321345e-01
-2.947476262204883346e-01
-2.932889045923305349e-01
-2.918075830840892726e-01
-2.903043027864302683e-01
-2.887797086081829168e-01
-2.872344392379048150e-01
-2.856691585889263307e-01
-2.840845359898367950e-01
-2.824812441358249826e-01
-2.808599590886792785e-01
-2.792213602767875669e-01
-2.775661304951371755e-01
-2.758949559053151535e-01
-2.742085260355078824e-01
-2.725075337805014652e-01
-2.707926754016813931e-01
-2.690646505270332112e-01
-2.673241621511406318e-01
-2.655719166351882543e-01
-2.638086237069597884e-01
-2.620349956161673322e-01
-2.602517257388443084e-01
-2.584595243142109866e-01
-2.566591099451339675e-01
-2.548511975477084635e-01
-2.530364983512583543e-01
-2.512157198983362427e-01
-2.493895660447233431e-01
-2.475587369594296205e-01
-2.457239291246936519e-01
-2.438858353359827924e-01
-2.420451447019928981e-01
-2.402025426446486867e-01
-2.383587108991034320e-01
-2.365143275137391310e-01
-2.346700668501664477e-01
-2.328265995832247415e-01
-2.309845927009820110e-01
-2.291446934276112901e-01
-2.273075380437857562e-01
-2.254737713101071517e-01
-2.236440288163749068e-01
-2.218189369550006840e-01
-2.199991129210086827e-01
-2.181851647120354731e-01
-2.163776911283300242e-01
-2.145772817727537030e-01
-2.127845170507808303e-01
-2.109999681704965990e-01
-2.092241971426000713e-01
-2.074577567804022638e-01
-2.057011906998266193e-01
-2.039550333194089793e-01
-2.022198098602975280e-01
-2.004960363462529038e-01
-1.987842194625800141e-01
-1.970848473100954290e-01
-1.953984045622328691e-01
-1.937253721047886013e-01
-1.920662201092418475e-01
-1.904214080327548686e-01
-1.887913846181729638e-01
-1.871765878940243877e-01
-1.855774451745204334e-01
-1.839943730595553495e-01
-1.824277774347064784e-01
-1.808780534712341181e-01
-1.793455856260815495e-01
-1.778307476418750921e-01
-1.763339025469240762e-01
-1.748554026552208152e-01
-1.733955895664406888e-01
-1.719547941659419765e-01
-1.705333366247660798e-01
-1.691315263996373275e-01
-1.677496551959298532e-01
-1.663880006544787848e-01
-1.650468612245154232e-01
-1.637265273049149650e-01
-1.624272794869269232e-01
-1.611493885541736559e-01
-1.598931154826506162e-01
-1.586587114407265187e-01
-1.574464177891432837e-01
-1.562564660810159545e-01
-1.550890780618327802e-01
-1.539444656694552438e-01
-1.528228310341179785e-01
-1.517243664784288237e-01
-1.506492545173687414e-01
-1.495976678582919828e-01
-1.485697694009259218e-01
-1.475657122373711383e-01
-1.465856396521013905e-01
-1.456296850361371853e-01
-1.446979530849961393e-01
-1.437905207932696217e-01
-1.429074628751159370e-01
-1.420488481522327595e-01
-1.412147395538572991e-01
-1.404051941167660522e-01
-1.396202629852750787e-01
-1.388599914112398082e-01
-1.381244187540550672e-01
-1.374135784806551630e-01
-1.367274981655138555e-01
-1.360661994906442462e-01
-1.354296982455991394e-01
-1.348180043274701534e-01
-1.342311217408889146e-01
-1.336690485980263077e-01
-1.331317771185926702e-01
-1.326192936510091347e-01
-1.321316015532432719e-01
-1.316687079417872275e-01
-1.312306043874787997e-01
-1.308172828663859977e-01
-1.304287357598070407e-01
-1.300649558542703033e-01
-1.297259363415344535e-01
-1.294116708185882314e-01
-1.291221532876506983e-01
-1.288573781561710152e-01
-1.286173402368285812e-01
-1.284020347475330337e-01
-1.282114573114241374e-01
-1.280456039568718951e-01
-1.279044711174765203e-01
-1.277880556320683814e-01
-1.276963547447080849e-01
-1.276293661046863925e-01
-1.275870877665243319e-01
-1.275695181899730857e-01
-1.275766562400140192e-01
-1.276085011868587360e-01
-1.276650527059490225e-01
-1.277463108779568202e-01
-1.278522761887843084e-01
-1.279829495295639052e-01
-1.281383321966582112e-01
-1.283184187447542202e-01
-1.285231804996783411e-01
-1.287526360287853666e-01
-1.290068088168769556e-01
-1.292857199446520999e-01
-1.295893880887071525e-01
-1.299178295215357715e-01
-1.302710581115289756e-01
-1.306490853229751170e-01
-1.310519202160597974e-01
-1.314795694468660625e-01
-1.319320372673742359e-01
-1.324093255254619739e-01
-1.329114336649042383e-01
-1.334383587253734071e-01
-1.339900953424390806e-01
-1.345666357475682751e-01
-1.351679697681252845e-01
-1.357940848273717915e-01
-1.364449659444667562e-01
-1.371205957344664994e-01
-1.378209544083246751e-01
-1.385460197728922149e-01
-1.392957672309174944e-01
-1.400701697810461110e-01
-1.408691980178210235e-01
-1.416928201316825786e-01
-1.425410019089681235e-01
-1.434137067319131431e-01
-1.443108708455543010e-01
-1.452323822756846905e-01
-1.461781424462541557e-01
-1.471480424194182013e-01
-1.481419622905874867e-01
-1.491597711884277977e-01
-1.502013272748599915e-01
-1.512664777450599962e-01
-1.523550588274589224e-01
-1.534668957837428960e-01
-1.546018029088532530e-01
-1.557595835309863452e-01
-1.569400300115936508e-01
-1.581429237453817749e-01
-1.593680351603123657e-01
-1.606151237176022539e-01
-1.618839379117233412e-01
-1.631742152704026005e-01
-1.644856823546221869e-01
-1.658180547586192433e-01
-1.671710565193177400e-01
-1.685444229150138695e-01
-1.699378667962854750e-01
-1.713510906686857016e-01
-1.727837867175938680e-01
-1.742356368082154938e-01
-1.757063124855821890e-01
-1.771954749745517088e-01
-1.787027751798075659e-01
-1.802278536858607227e-01
-1.817703407570469554e-01
-1.833298563375286294e-01
-1.849060100512943394e-01
-1.864984012021587145e-01
-1.881066187737626405e-01
-1.897302414295730932e-01
-1.913688375128831942e-01
-1.930219650468122661e-01
-1.946891717343057215e-01
-1.963699950223870838e-01
-1.980639746082189234e-01
-1.997706315810808542e-01
-2.014894663887075998e-01
-2.032199709964015721e-01
-2.049616288870328429e-01
-2.067139150610391163e-01
-2.084762960364257567e-01
-2.102482298487658441e-01
-2.120291660512000076e-01
-2.138185457144366752e-01
-2.156158014267517964e-01
-2.174203572939890361e-01
-2.192316289395597750e-01
-2.210490235044429430e-01
-2.228719396471851855e-01
-2.246997675439008080e-01
-2.265318888882717763e-01
-2.283676768915476885e-01
-2.302064962825453309e-01
-2.320477033076506213e-01
-2.338906457308156661e-01
-2.357346628335607042e-01
-2.375790973631331515e-01
-2.394233176001822061e-01
-2.412666310304583950e-01
-2.431083377459988260e-01
-2.449477374998358936e-01
-2.467841297059973904e-01
-2.486168134395065066e-01
-2.504450874363816637e-01
-2.522682500936366257e-01
-2.540855994692806652e-01
-2.558964332823182031e-01
-2.577000489127491689e-01
-2.594957434015686681e-01
-2.612828134507672040e-01
-2.630605554233307886e-01
-2.648282653432405542e-01
-2.665852388954730312e-01
-2.683307714260002586e-01
-2.700641579417893401e-01
-2.717846931108029440e-01
-2.734916712619989698e-01
-2.751843863853307703e-01
-2.768621324192891975e-01
-2.785242486813399032e-01
-2.801700578779652284e-01
-2.817988543482179975e-01
-2.834099410260577656e-01
-2.850026294403523730e-01
-2.865762397148757246e-01
-2.881301005683090111e-01
-2.896635493142408202e-01
-2.911759318611666925e-01
-2.926666027124893432e-01
-2.941349249665187182e-01
-2.955802703164716605e-01
-2.970020190504724100e-01
-2.983995600515521041e-01
-2.997722907976492213e-01
-3.011196173616092486e-01
-3.024409544111847925e-01
-3.037357252090355786e-01
-3.050033616127286185e-01
-3.062433040747378765e-01
-3.074550016424445475e-01
-3.086379201087972035e-01
-3.097915391727509293e-01
-3.109153342559931588e-01
-3.120087950801231358e-01
-3.130714260870264831e-01
-3.141027464388754242e-01
-3.151022900181287278e-01
-3.160696054275316524e-01
-3.170042559901161683e-01
-3.179058197492005688e-01
-3.187738894683898594e-01
-3.196080726315755349e-01
-3.204079914429356357e-01
-3.211732828269348028e-01
-3.219035984283241114e-01
-3.225986046121412376e-01
-3.232579824637104582e-01
-3.238814317070690119e-01
-3.244686659384247163e-01
-3.250194072382838195e-01
-3.255333956907457971e-01
-3.260103894903531585e-01
-3.264501649420916696e-01
-3.268525164613903522e-01
-3.272172565741213179e-01
-3.275442159165999345e-01
-3.278332432355848258e-01
-3.280842053882777609e-01
-3.282969873423235430e-01
-3.284714921758107309e-01
-3.286076410772704737e-01
-3.287053733456773430e-01
-3.287646463904491667e-01
-3.287854357314298759e-01
-3.287677303051000921e-01
-3.287115339279207404e-01
-3.286168714265884083e-01
-3.284837855648082283e-01
-3.283123370432941002e-01
-3.281026044997683022e-01
-3.278546845089618800e-01
-3.275686915826144241e-01
-3.272447581694741814e-01
-3.268830346552978883e-01
-3.264836893628509928e-01
-3.260469085519075438e-01
-3.255728964192501351e-01
-3.250618750986700167e-01
-3.245140846609669283e-01
-3.239297828429164583e-01
-3.233092330685499727e-01
-3.226527190877330198e-01
-3.219605455552078110e-01
-3.212330318132814999e-01
-3.204705118918261819e-01
-3.196733345082790612e-01
-3.188418630676421173e-01
-3.179764756624825495e-01
-3.170775650729323325e-01
-3.161455387666884942e-01
-3.151808188990130599e-01
-3.141838423127330526e-01
-3.131550605382404373e-01
-3.120949397934921765e-01
-3.110039609840101749e-01
-3.098826132502874864e-01
-3.087313872979645102e-01
-3.075508008098621349e-01
-3.063413821941555204e-01
-3.051036695259929932e-01
-3.038382105474960460e-01
-3.025455626677593934e-01
-3.012262929628510832e-01
-2.998809781758123294e-01
-2.985102047166575123e-01
-2.971145686623742899e-01
-2.956946757569235973e-01
-2.942511414112394807e-01
-2.927845907032292638e-01
-2.912956583777735475e-01
-2.897849888467260437e-01
-2.882532222738369843e-01
-2.867010059897399654e-01
-2.851290071057613340e-01
-2.835378961094636163e-01
-2.819283468554202865e-01
-2.803010365652157110e-01
-2.786566458274450930e-01
-2.769958585977154719e-01
-2.753193621986418926e-01
-2.736278473198531236e-01
-2.719220080179878818e-01
-2.702025417166956101e-01
-2.684701492066368655e-01
-2.667255346454829312e-01
-2.649694055579158714e-01
-2.632024728356288090e-01
-2.614254451652637257e-01
-2.596390151026858883e-01
-2.578438999814737231e-01
-2.560408171462972282e-01
-2.542304802554995469e-01
-2.524135992810972451e-01
-2.505908805087802005e-01
-2.487630265379117411e-01
-2.469307362815284235e-01
-2.450947049663402266e-01
-2.432556241327304691e-01
-2.414141816347557812e-01
-2.395710616401461879e-01
-2.377269446303050815e-01
-2.358825074003091105e-01
-2.340384230589084014e-01
-2.321953610285263092e-01
-2.303539854836891554e-01
-2.285149329024636355e-01
-2.266788461340988603e-01
-2.248463668199993382e-01
-2.230181274042231099e-01
-2.211947511334817762e-01
-2.193768520571404701e-01
-2.175650350272179956e-01
-2.157598956983866334e-01
-2.139620205279722520e-01
-2.121719867759543077e-01
-2.103903625049658166e-01
-2.086177065802933828e-01
-2.068545686698771147e-01
-2.051014892443107362e-01
-2.033589995768415593e-01
-2.016276217433704276e-01
-1.999078686224517731e-01
-1.982002420607778814e-01
-1.965052254973153611e-01
-1.948233044027186944e-01
-1.931549559955477724e-01
-1.915006467799139078e-01
-1.898608325454799184e-01
-1.882359583674601267e-01
-1.866264586066202769e-01
-1.850327569092775626e-01
-1.834552662073006823e-01
-1.818943887181097840e-01
-1.803505159446764650e-01
-1.788240286755238551e-01
-1.773152969847264782e-01
-1.758246802319103630e-01
-1.743525270622529877e-01
-1.728991754064841402e-01
-1.714649524808825598e-01
-1.700501747872810165e-01
-1.686551480922790780e-01
-1.672801531001749942e-01
-1.659254771318559585e-01
-1.645914170324561943e-01
-1.632782598395017548e-01
-1.619862827829103569e-01
-1.607157532849916581e-01
-1.594669289604470352e-01
-1.582400576163697226e-01
-1.570353772522446456e-01
-1.558531160599486987e-01
-1.546934924237504116e-01
-1.535567149203102000e-01
-1.524429823186802535e-01
-1.513524835803045920e-01
-1.502853978590190098e-01
-1.492418945010510756e-01
-1.482221330450202157e-01
-1.472262632219376033e-01
-1.462544249552062692e-01
-1.453067460049741189e-01
-1.443833165362876647e-01
-1.434842130644942149e-01
-1.426095082840193318e-01
-1.417592689959982777e-01
-1.409335561082760702e-01
-1.401324246354075653e-01
-1.393559236986572358e-01
-1.386040965259993929e-01
-1.378769804521180753e-01
-1.371746069184070771e-01
-1.364970014729698644e-01
-1.358441837706197974e-01
-1.352161675728798529e-01
-1.346129607479828461e-01
-1.340345652708712920e-01
-1.334809772231974334e-01
-1.329521867933233514e-01
-1.324481811086703764e-01
-1.319689728069185775e-01
-1.315145600381761037e-01
-1.310849345107023556e-01
-1.306800883380033196e-01
-1.303000140388317074e-01
-1.299447045371869003e-01
-1.296141531623150323e-01
-1.293083536487088236e-01
-1.290273001361077476e-01
-1.287709871694979191e-01
-1.285394096991121782e-01
-1.283325630804300066e-01
-1.281504430741776113e-01
-1.279930458463278409e-01
-1.278603679681002969e-01
-1.277524064159611672e-01
-1.276691585716234201e-01
-1.276106222220466380e-01
-1.275767955594371283e-01
-1.275676771812478683e-01
-1.275832660901785320e-01
-1.276235616941754636e-01
-1.276885638064316764e-01
-1.277782726453869366e-01
-1.278926888347276247e-01
-1.280318134033867905e-01
-1.281956477855442644e-01
-1.283841749855685888e-01
-1.285973797978448019e-01
-1.288352867042469596e-01
-1.290979183573248978e-01
-1.293852950067853058e-01
-1.296974344994916428e-01
-1.300343522794643047e-01
-1.303960613878804020e-01
-1.307825724630739261e-01
-1.311938937405357219e-01
-1.316300310529134598e-01
-1.320909878300115803e-01
-1.325767650987914048e-01
-1.330873614833711083e-01
-1.336227732050256356e-01
-1.341829940821867850e-01
-1.347680155304432081e-01
-1.353778265625403543e-01
-1.360124137883805540e-01
-1.366717614150228521e-01
-1.373558512466832859e-01
-1.380646626847346070e-01
-1.387981727277064203e-01
-1.395563559712851565e-01
-1.403391846083141270e-01
-1.411466284287934136e-01
-1.419786548198799792e-01
-1.428352287658875286e-01
-1.437163117480970420e-01
-1.446218146390510773e-01
-1.455516321031483373e-01
-1.465056624353647530e-01
-1.474837929630564148e-01
-1.484859000459596290e-01
-1.495118490761908059e-01
-1.505614944782464326e-01
-1.516346797090032950e-01
-1.527312372577181721e-01
-1.538509886460280862e-01
-1.549937444279501919e-01
-1.561593041898817757e-01
-1.573474565506002565e-01
-1.585579791612632405e-01
-1.597906387054084387e-01
-1.610451908989537773e-01
-1.623213804901972312e-01
-1.636189412598169635e-01
-1.649375960208713798e-01
-1.662770582551885978e-01
-1.676370624938375575e-01
-1.690173346388777476e-01
-1.704175839885780086e-01
-1.718375095211822634e-01
-1.732767998949049648e-01
-1.747351334479341767e-01
-1.762121781984308244e-01
-1.777075918445286118e-01
-1.792210217643340764e-01
-1.807521050159266451e-01
-1.823004683373585233e-01
-1.838657281466547500e-01
-1.854474905418131980e-01
-1.870453513008045743e-01
-1.886588958815724471e-01
-1.902876994220331353e-01
-1.919313267400759027e-01
-1.935893323335627358e-01
-1.952612603803284830e-01
-1.969466467939926801e-01
-1.986450303566701103e-01
-2.003559217716280039e-01
-2.020788185848532703e-01
-2.038132098598134101e-01
-2.055585761774565423e-01
-2.073143896362112659e-01
-2.090801138519868818e-01
-2.108552039581731430e-01
-2.126391066056404766e-01
-2.144312599627398175e-01
-2.162310937153026913e-01
-2.180380290666412424e-01
-2.198514787375480950e-01
-2.216708469662965753e-01
-2.234955295086404614e-01
-2.253249136378141781e-01
-2.271583781445327133e-01
-2.289952933369916455e-01
-2.308350210408670611e-01
-2.326769145993156929e-01
-2.345203188729748089e-01
-2.363645702399622683e-01
-2.382090259113841535e-01
-2.400530352148150803e-01
-2.418958987090706891e-01
-2.437369163596866395e-01
-2.455753877934632456e-01
-2.474106122984655320e-01
-2.492418888240232333e-01
-2.510685159807307110e-01
-2.528897920404469812e-01
-2.547050149362958815e-01
-2.565134822626657929e-01
-2.583144912752098343e-01
-2.601073388908457518e-01
-2.618913216877560846e-01
-2.636657359053878880e-01
-2.654298774444531217e-01
-2.671830418669282059e-01
-2.689245243960544096e-01
-2.706536199163375733e-01
-2.723696229735482199e-01
-2.740718277747216658e-01
-2.757595281881568550e-01
-2.774320251010584659e-01
-2.790886698392360254e-01
-2.807287653661448279e-01
-2.823516089445140542e-01
-2.839565064323770205e-01
-2.855427722830713999e-01
-2.871097295452389453e-01
-2.886567098628258221e-01
-2.901830534750821644e-01
-2.916881092165624634e-01
-2.931712345171255674e-01
-2.946317954019342378e-01
-2.960691664914557042e-01
-2.974827310014613868e-01
-2.988718807430267854e-01
-3.002360161225317570e-01
-3.015745461416602935e-01
-3.028868883974007442e-01
-3.041724690820454824e-01
-3.054307229831912385e-01
-3.066610934837389890e-01
-3.078630328993326448e-01
-3.090360167280210568e-01
-3.101795202773167670e-01
-3.112930235676498736e-01
-3.123760213401219343e-01
-3.134280230565059666e-01
-3.144485528992465584e-01
-3.154371497714597017e-01
-3.163933672969327926e-01
-3.173167738201249088e-01
-3.182069524061663657e-01
-3.190635008408591600e-01
-3.198860316306766371e-01
-3.206741720027637133e-01
-3.214275639049365973e-01
-3.221458640056832912e-01
-3.228287436941629229e-01
-3.234758893459012130e-01
-3.240870080683385668e-01
-3.246618144688278584e-01
-3.252000367024568961e-01
-3.257014210350626104e-01
-3.261657318432309438e-01
-3.265927516142970166e-01
-3.269822809463447943e-01
-3.273341385482075316e-01
-3.276481612394673837e-01
-3.279242039504555728e-01
-3.281621397222523884e-01
-3.283618597066872979e-01
-3.285232731663385586e-01
-3.286463074745337720e-01
-3.287309081153493850e-01
-3.287770386836109671e-01
-3.287846803970068676e-01
-3.287538256044287843e-01
-3.286844858756897136e-01
-3.285766921647803041e-01
-3.284304933628815482e-01
-3.282459562983642276e-01
-3.280231657367894682e-01
-3.277622243809085179e-01
-3.274632528706627466e-01
-3.271263897831835910e-01
-3.267517916327926653e-01
-3.263396328710017058e-01
-3.258901058865124600e-01
-3.254034210052170195e-01
-3.248798064901974314e-01
-3.243195085417259205e-01
-3.237227888358555350e-01
-3.230899140913994216e-01
-3.224211771350487532e-01
-3.217168876433330049e-01
-3.209773699803969427e-01
-3.202029631980007340e-01
-3.193940210355197817e-01
-3.185509119199449457e-01
-3.176740189658823765e-01
-3.167637399755535155e-01
-3.158204874387952055e-01
-3.148446885330595801e-01
-3.138367851234142303e-01
-3.127972337625419263e-01
-3.117265056907408405e-01
-3.106250868017950695e-01
-3.094934635335188644e-01
-3.083321367545678315e-01
-3.071416285159572768e-01
-3.059224705356121121e-01
-3.046752041983667447e-01
-3.034003805559649658e-01
-3.020985603270600617e-01
-3.007703138972149248e-01
-2.994162213189017208e-01
-2.980368723115022211e-01
-2.966328662613076372e-01
-2.952048122215186754e-01
-2.937533289122455371e-01
-2.922790447205078079e-01
-2.907825977002346240e-01
-2.892646340979815878e-01
-2.877257903095732372e-01
-2.861667240776248344e-01
-2.845881036822074939e-01
-2.829906007702459037e-01
-2.813748903555186032e-01
-2.797416508186578721e-01
-2.780915639071497303e-01
-2.764253147353341600e-01
-2.747435917844046060e-01
-2.730470869024085867e-01
-2.713364953042471939e-01
-2.696125155716753707e-01
-2.678758496533018563e-01
-2.661272028645890186e-01
-2.643672838878532438e-01
-2.625968047722644916e-01
-2.608164667173198392e-01
-2.590269693727494382e-01
-2.572290323362335651e-01
-2.554233717028591144e-01
-2.536106998810983559e-01
-2.517917255928089348e-01
-2.499671538732338716e-01
-2.481376860710017007e-01
-2.463040198481263043e-01
-2.444668491800069399e-01
-2.426268643554283233e-01
-2.407847519765605182e-01
-2.389411949589590189e-01
-2.370968725315647507e-01
-2.352524602367040141e-01
-2.334086299300884848e-01
-2.315660497808153251e-01
-2.297253771305780290e-01
