-.65647570E+01
-.66239615E+01
-.66824762E+01
-.67401061E+01
-.67968099E+01
-.68524964E+01
-.69070288E+01
-.69602763E+01
-.70121163E+01
-.70625339E+01
-.71114797E+01
-.71588904E+01
-.72046830E+01
-.72487822E+01
-.72911498E+01
-.73317474E+01
-.73705541E+01
-.74075719E+01
-.74427996E+01
-.74762164E+01
-.75077813E+01
-.75374904E+01
-.75653646E+01
-.75913348E+01
-.76153735E+01
-.76375076E+01
-.76577267E+01
-.76760140E+01
-.76923743E+01
-.77068317E+01
-.77194203E+01
-.77301721E+01
-.77391361E+01
-.77463671E+01
-.77519151E+01
-.77558332E+01
-.77581769E+01
-.77590085E+01
-.77584089E+01
-.77564746E+01
-.77533110E+01
-.77490298E+01
-.77437514E+01
-.77376167E+01
-.77307607E+01
-.77235624E+01
-.77163998E+01
-.77092677E+01
-.77020521E+01
-.76949828E+01
-.76883618E+01
-.76825832E+01
-.76780665E+01
-.76750655E+01
-.76735432E+01
-.76733318E+01
-.76744212E+01
-.76769161E+01
-.76809626E+01
-.76863641E+01
-.76927691E+01
-.76997184E+01
-.77069308E+01
-.77140810E+01
-.77212272E+01
-.77284287E+01
-.77354580E+01
-.77418443E+01
-.77474162E+01
-.77520360E+01
-.77555754E+01
-.77579216E+01
-.77589660E+01
-.77586098E+01
-.77567650E+01
-.77533652E+01
-.77483531E+01
-.77416753E+01
-.77332803E+01
-.77231155E+01
-.77111288E+01
-.76972820E+01
-.76815444E+01
-.76638853E+01
-.76442929E+01
-.76227792E+01
-.75993613E+01
-.75740220E+01
-.75467570E+01
-.75176428E+01
-.74866849E+01
-.74538657E+01
-.74192232E+01
-.73827871E+01
-.73445622E+01
-.73045460E+01
-.72627499E+01
-.72192104E+01
-.71739619E+01
-.71270678E+01
-.70786129E+01
-.70286681E+01
-.69772856E+01
-.69244797E+01
-.68703586E+01
