9.118722544905685936e+03
8.859590438017999986e+03
8.605561213743072585e+03
8.356563601716858102e+03
8.112527032281635911e+03
7.873381631818978349e+03
7.639058218101388775e+03
7.409488295663562894e+03
7.184604051192298357e+03
6.964338348935467366e+03
6.748624726130074123e+03
6.537397388449011487e+03
6.330591205467033433e+03
6.128141706145106582e+03
5.929985074334079400e+03
5.736058144296723185e+03
5.546298396248690551e+03
5.360643951918224047e+03
5.179033570124374819e+03
5.001406642373956856e+03
4.827703188476989453e+03
4.657863852180962567e+03
4.491829896823153831e+03
4.329543201001833950e+03
4.170946254265836615e+03
4.015982152822318312e+03
3.864594595263166411e+03
3.716727878309524385e+03
3.572326892574790691e+03
3.431337118345734780e+03
3.293704621381941251e+03
3.159376048733298376e+03
3.028298624575916620e+03
2.900420146065829613e+03
2.775688979210928665e+03
2.654054054761050793e+03
2.535464864115820092e+03
2.419871455250729923e+03
2.307224428660862031e+03
2.197474933322766447e+03
2.090574662674072897e+03
1.986475850610950147e+03
1.885131267503224080e+03
1.786494216227583820e+03
1.690518528218097345e+03
1.597158559534640517e+03
1.506369186948861170e+03
1.418105804047932907e+03
1.332324317355552921e+03
1.248981142470758641e+03
1.168033200224097527e+03
1.089437912851280998e+03
1.013153200184278830e+03
9.391374758597594337e+02
8.673496435448469128e+02
7.977490931803331478e+02
7.302956972409883747e+02
6.649498070131739951e+02
6.016722488897503354e+02
5.404243206819519401e+02
4.811677879485796439e+02
4.238648803421456250e+02
3.684782879721678910e+02
3.149711577854468487e+02
2.633070899632439250e+02
2.134501343355768768e+02
1.653647868122679938e+02
1.190159858308761613e+02
7.436910882158190361e+01
3.138996868877438828e+01
-9.955189690630504629e+00
-4.969969295208647964e+01
-8.787644271158205811e+01
-1.245179190173257666e+02
-1.596561837845692935e+02
-1.933228842141325003e+02
-2.255492561941246095e+02
-2.563661276853563322e+02
-2.858039220901409863e+02
-3.138926616048192955e+02
-3.406619705557059206e+02
-3.661410787188615359e+02
-3.903588246233812242e+02
-4.133436588385047799e+02
-4.351236472444652463e+02
-4.557264742870502232e+02
-4.751794462161051342e+02
-4.935094943077674543e+02
-5.107431780707629514e+02
-5.269066884364256111e+02
-5.420258509328850778e+02
-5.561261288431778667e+02
-5.692326263473623840e+02
-5.813700916487541690e+02
-5.925629200843504805e+02
-6.028351572192732419e+02
-6.122105019255104708e+02
-6.207123094447997573e+02
-6.283635944358684355e+02
-6.351870340058958391e+02
-6.412049707263613527e+02
-6.464394156332127750e+02
-6.509120512115259771e+02
-6.546442343645067012e+02
-6.576569993671037082e+02
-6.599710608040186344e+02
-6.616068164923199220e+02
-6.625843503887172119e+02
-6.629234354812961101e+02
-6.626435366661571607e+02
-6.617638136085042788e+02
-6.603031235886755894e+02
-6.582800243328329088e+02
-6.557127768285099592e+02
-6.526193481249847537e+02
-6.490174141186016641e+02
-6.449243623228867364e+02
-6.403572946237709402e+02
-6.353330300197139877e+02
-6.298681073468760587e+02
-6.239787879893901845e+02
-6.176810585747061850e+02
-6.109906336540698248e+02
-6.039229583682499651e+02
-5.964932110983663733e+02
-5.887163061020874011e+02
-5.806068961350192694e+02
-5.721793750574706792e+02
-5.634478804266145744e+02
-5.544262960739160917e+02
-5.451282546681632084e+02
-5.355671402638490690e+02
-5.257560908350988029e+02
-5.157080007951444713e+02
-5.054355235014027130e+02
-4.949510737460987002e+02
-4.842668302326255798e+02
-4.733947380375575449e+02
-4.623465110583802016e+02
-4.511336344469928008e+02
-4.397673670290369046e+02
-4.282587437090169260e+02
-4.166185778613271395e+02
-4.048574637071869802e+02
-3.929857786774846318e+02
-3.810136857616780617e+02
-3.689511358426470906e+02
-3.568078700176156417e+02
-3.445934219051905529e+02
-3.323171199385415093e+02
-3.199880896446902625e+02
-3.076152559100237340e+02
-2.952073452321192235e+02
-2.827728879577171028e+02
-2.703202205071311255e+02
-2.578574875849017189e+02
-2.453926443769178150e+02
-2.329334587339189966e+02
-2.204875133414425363e+02
-2.080622078763408354e+02
-1.956647611497191974e+02
-1.833022132365431389e+02
-1.709814275917833584e+02
-1.587090931532475224e+02
-1.464917264310670362e+02
-1.343356735838806344e+02
-1.222471124818403041e+02
-1.102320547563076616e+02
-9.829634783645360585e+01
-8.644567697269121709e+01
-7.468556724698009930e+01
-6.302138557012494857e+01
-5.145834266599467810e+01
-4.000149504276396328e+01
-2.865574695119266835e+01
-1.742585233003501344e+01
-6.316416738473890291e+00
4.668100724204123253e+00
1.552338551179127535e+01
2.624526573709317745e+01
3.682971029061900481e+01
4.727282697194095817e+01
5.757086063374936202e+01
6.772019133851517836e+01
7.771733252774265566e+01
8.755892920378300914e+01
9.724175612416638614e+01
1.067627160083939089e+02
1.161188377571947967e+02
1.253072746841985463e+02
1.343253027599362213e+02
1.431703188682176915e+02
1.518398390747906888e+02
1.603314969082412063e+02
1.686430416531675291e+02
1.767723366554823770e+02
1.847173576399031845e+02
1.924761910395563973e+02
2.000470323376325723e+02
2.074281844211136558e+02
2.146180559464887665e+02
2.216151597174352901e+02
2.284181110744439138e+02
2.350256262963202971e+02
2.414365210135651978e+02
2.476497086335589302e+02
2.536641987775478810e+02
2.594790957293521387e+02
2.650935968958197009e+02
2.705069912789299451e+02
2.757186579595495459e+02
2.807280645927739897e+02
2.855347659148519597e+02
2.901384022616393850e+02
2.945386980985249465e+02
2.987354605618359074e+02
3.027285780116430942e+02
3.065180185959607115e+02
3.101038288262925562e+02
3.134861321644773398e+02
3.166651276208121999e+02
3.196410883634198399e+02
3.224143603388013162e+02
3.249853609035596946e+02
3.273545774672597872e+02
3.295225661463437064e+02
3.314899504291506673e+02
3.332574198519046149e+02
3.348257286857160580e+02
3.361956946345010238e+02
3.373681975438407790e+02
3.383441781206649921e+02
3.391246366638195013e+02
3.397106318053877203e+02
3.401032792628013794e+02
3.403037506016657971e+02
3.403132720092633008e+02
3.401331230787259301e+02
3.397646356038039812e+02
3.392091923842274355e+02
3.384682260415918336e+02
3.375432178457740520e+02
3.364356965517824847e+02
3.351472372470668688e+02
3.336794602092071500e+02
3.320340297739675179e+02
3.302126532136704782e+02
3.282170796258507153e+02
3.260490988321660097e+02
3.237105402875091613e+02
3.212032719993096634e+02
3.185291994569594181e+02
3.156902645713462334e+02
3.126884446244574747e+02
3.095257512290003206e+02
3.062042292980338516e+02
3.027259560245316834e+02
2.990930398708824214e+02
2.953076195682695015e+02
2.913718631258917640e+02
2.872879668499930403e+02
2.830581543726708560e+02
2.786846756904176345e+02
2.741698062123565478e+02
2.695158458181527976e+02
2.647251179255368925e+02
2.597999685674254806e+02
2.547427654785971072e+02
2.495558971918784437e+02
2.442417721438172293e+02
2.388028177897889464e+02
2.332414797285244958e+02
2.275602208359907763e+02
2.217615204086248468e+02
2.158478733158444243e+02
2.098217891618363637e+02
2.036857914565555348e+02
1.974424167959232932e+02
1.910942140511650678e+02
1.846437435672700644e+02
1.780935763705267050e+02
1.714462933850961690e+02
1.647044846585919231e+02
1.578707485966299373e+02
1.509476912063081500e+02
1.439379253485771528e+02
1.368440699994721967e+02
1.296687495201684328e+02
1.224145929358159037e+02
1.150842332231300134e+02
1.076803066066851784e+02
1.002054518638894933e+02
9.266230963859572967e+01
8.505352176331649616e+01
7.738173059000135368e+01
6.964957832934402404e+01
6.185970639858206255e+01
5.401475477775517220e+01
4.611736137437532079e+01
3.817016139648396233e+01
3.017578673405961354e+01
2.213686534872053358e+01
1.405602067171778913e+01
5.935871010152112603e+00
-2.220971038608183790e+00
-1.041189916434072416e+01
-1.863431391326204789e+01
-2.688562324922992275e+01
-3.516324310688767696e+01
-4.346459793679684935e+01
-5.178712124259530469e+01
-6.012825611019306393e+01
-6.848545572908432177e+01
-7.685618390577383252e+01
-8.523791556937575820e+01
-9.362813726941246273e+01
-1.020243476658578743e+02
-1.104240580114505690e+02
-1.188247926263249354e+02
-1.272240893649860141e+02
-1.356195000756796389e+02
-1.440085910521736423e+02
-1.523889434780051033e+02
-1.607581538632237255e+02
-1.691138344736634735e+02
-1.774536137527850599e+02
-1.857751367361249208e+02
-1.940760654583845621e+02
-2.023540793531990971e+02
-2.106068756456212441e+02
-2.188321697373560255e+02
-2.270276955847861586e+02
-2.351912060698167011e+02
-2.433204733635932939e+02
-2.514132892831018751e+02
-2.594674656407162843e+02
-2.674808345867124899e+02
-2.754512489447895973e+02
-2.833765825406368890e+02
-2.912547305235835893e+02
-2.990836096813605991e+02
-3.068611587480215803e+02
-3.145853387050558467e+02
-3.222541330757217679e+02
-3.298655482126519587e+02
-3.374176135787546968e+02
-3.449083820214515868e+02
-3.523359300402925101e+02
-3.596983580479798093e+02
-3.669937906248368904e+02
-3.742203767667629677e+02
-3.813762901267063512e+02
-3.884597292496971477e+02
-3.954689178014684217e+02
-4.024021047907114053e+02
-4.092575647849960774e+02
-4.160335981203932079e+02
-4.227285311048366907e+02
-4.293407162152651608e+02
-4.358685322885702362e+02
-4.423103847064007255e+02
-4.486647055738465610e+02
-4.549299538920504347e+02
-4.611046157247769202e+02
-4.671872043589742134e+02
-4.731762604593727133e+02
-4.790703522171505142e+02
-4.848680754927042358e+02
-4.905680539525604900e+02
-4.961689392004694241e+02
-5.016694109027111494e+02
-5.070681769076540490e+02
-5.123639733596007773e+02
-5.175555648069625931e+02
-5.226417443047914730e+02
-5.276213335117111001e+02
-5.324931827812855545e+02
-5.372561712478548088e+02
-5.419092069068811952e+02
-5.464512266898412918e+02
-5.508811965336940375e+02
-5.551981114449713459e+02
-5.594009955585225953e+02
-5.634889021909459643e+02
-5.674609138887506106e+02
-5.713161424712845928e+02
-5.750537290684569598e+02
-5.786728441533042542e+02
-5.821726875694250793e+02
-5.855524885533299084e+02
-5.888115057517333071e+02
-5.919490272338318846e+02
-5.949643704986043531e+02
-5.978568824771632535e+02
-6.006259395302045050e+02
-6.032709474405862693e+02
-6.057913414010699853e+02
-6.081865859972707540e+02
-6.104561751858431080e+02
-6.125996322679436616e+02
-6.146165098580079302e+02
-6.165063898478753117e+02
-6.182688833663005425e+02
-6.199036307338865299e+02
-6.214103014134800560e+02
-6.227885939560572979e+02
-6.240382359421473666e+02
-6.251589839188209226e+02
-6.261506233322863864e+02
-6.270129684561275099e+02
-6.277458623152189148e+02
-6.283491766053587071e+02
-6.288228116086510227e+02
-6.291666961046774986e+02
-6.293807872774958696e+02
-6.294650706184955880e+02
-6.294195598251567390e+02
-6.292442966957401040e+02
-6.289393510199508910e+02
-6.285048204656079633e+02
-6.279408304613604059e+02
-6.272475340754828039e+02
-6.264251118907901628e+02
-6.254737718757052107e+02
-6.243937492515181020e+02
-6.231853063558735357e+02
-6.218487325025201926e+02
-6.203843438373627350e+02
-6.187924831908504757e+02
-6.170735199267402322e+02
-6.152278497872669050e+02
-6.132558947347656613e+02
-6.111581027897746026e+02
-6.089349478656562269e+02
-6.065869295997800918e+02
-6.041145731812958957e+02
-6.015184291755349477e+02
-5.987990733450823200e+02
-5.959571064675491243e+02
-5.929931541500842513e+02
-5.899078666406641105e+02
-5.867019186361949323e+02
-5.833760090874620801e+02
-5.799308610009693439e+02
-5.763672212376975494e+02
-5.726858603088239761e+02
-5.688875721684362361e+02
-5.649731740032804055e+02
-5.609435060195771712e+02
-5.567994312269420334e+02
-5.525418352194507179e+02
-5.481716259538808345e+02
-5.436897335251685490e+02
-5.390971099391205144e+02
-5.343947288824098223e+02
-5.295835854898995194e+02
-5.246646961093284744e+02
-5.196390980633932486e+02
-5.145078494092651908e+02
-5.092720286955817528e+02
-5.039327347169423774e+02
-4.984910862659489226e+02
-4.929482218828308646e+02
-4.873052996026847836e+02
-4.815634967003694555e+02
-4.757240094330903730e+02
-4.697880527807156454e+02
-4.637568601838519839e+02
-4.576316832797215852e+02
-4.514137916358801590e+02
-4.451044724818045779e+02
-4.387050304383913613e+02
-4.322167872454058397e+02
-4.256410814869115029e+02
-4.189792683147182970e+02
-4.122327191698933007e+02
-4.054028215023595294e+02
-3.984909784886251032e+02
-3.914986087476831358e+02
-3.844271460551105974e+02
-3.772780390554067367e+02
-3.700527509726118183e+02
-3.627527593192352811e+02
-3.553795556035321965e+02
-3.479346450351713429e+02
-3.404195462293199625e+02
-3.328357909091916440e+02
-3.251849236070859774e+02
-3.174685013639669364e+02
-3.096880934276043149e+02
-3.018452809493217046e+02
-2.939416566793909737e+02
-2.859788246611008162e+02
-2.779583999235401848e+02
-2.698820081731395817e+02
-2.617512854839944225e+02
-2.535678779870148958e+02
-2.453334415579417396e+02
-2.370496415042553622e+02
-2.287181522510197169e+02
-2.203406570257032229e+02
-2.119188475420019415e+02
-2.034544236827074144e+02
-1.949490931816615671e+02
-1.864045713048226389e+02
-1.778225805304900291e+02
-1.692048502287149745e+02
-1.605531163399469108e+02
-1.518691210529365208e+02
-1.431546124819403758e+02
-1.344113443432688655e+02
-1.256410756312014456e+02
-1.168455702933127185e+02
-1.080265969052518074e+02
-9.918592834499882827e+01
-9.032534146664191610e+01
-8.144661677371709629e+01
-7.255153809213547333e+01
-6.364189224274011991e+01
-5.471946871353623720e+01
-4.578605933161780683e+01
-3.684345793483412024e+01
-2.789346004323904893e+01
-1.893786253034602751e+01
-9.978463294236917136e+00
-1.017060928552619092e+00
7.944545606586514097e+00
1.690455731370739301e+01
2.586117548711505165e+01
3.481260204198468955e+01
4.375703984339110519e+01
5.269269303523248027e+01
6.161776736900561957e+01
7.053047053240875641e+01
7.942901247772906004e+01
8.831160574997174706e+01
9.717646581470704348e+01
1.060218113855920592e+02
1.148458647515245161e+02
1.236468521034047114e+02
1.324230038604621882e+02
1.411725549961052479e+02
1.498937453632687777e+02
1.585848200192135948e+02
1.672440295497487739e+02
1.758696303928289524e+02
1.844598851615037916e+02
1.930130629661761077e+02
2.015274397361264960e+02
2.100012985402800325e+02
2.184329299071716264e+02
2.268206321440690374e+02
2.351627116552268433e+02
2.434574832592306564e+02
2.517032705053881045e+02
2.598984059891420202e+02
2.680412316664632044e+02
2.761300991671809015e+02
2.841633701072253189e+02
2.921394163997400142e+02
3.000566205650225129e+02
3.079133760392668364e+02
3.157080874820663894e+02
3.234391710826348572e+02
3.311050548647211258e+02
3.387041789901692255e+02
3.462349960610976609e+02
3.536959714206488457e+02
3.610855834522849364e+02
3.684023238775879463e+02
3.756446980525218464e+02
3.828112252621310745e+02
3.899004390136331608e+02
3.969108873278640885e+02
4.038411330290502406e+02
4.106897540328641298e+02
4.174553436327243503e+02
4.241365107843104738e+02
4.307318803882540692e+02
4.372400935709625287e+02
4.436598079635488716e+02
4.499896979788281328e+02
4.562284550863357140e+02
4.623747880853438801e+02
4.684274233758309265e+02
4.743851052273705022e+02
4.802465960458999348e+02
4.860106766383369745e+02
4.916761464750069308e+02
4.972418239498368848e+02
5.027065466382898080e+02
5.080691715529993644e+02
5.133285753970612859e+02
5.184836548149561395e+02
5.235333266410613078e+02
5.284765281457116544e+02
5.333122172787801674e+02
5.380393729107393028e+02
5.426569950711602814e+02
5.471641051846243045e+02
5.515597463040011235e+02
5.558429833410607444e+02
5.600129032943827951e+02
5.640686154745258136e+02
5.680092517264213257e+02
5.718339666489511046e+02
5.755419378116797589e+02
5.791323659686978544e+02
5.826044752695435136e+02
5.859575134671641763e+02
5.891907521228838505e+02
5.923034868083349238e+02
5.952950373043236141e+02
5.981647477965899498e+02
6.009119870684220359e+02
6.035361486900951604e+02
6.060366512050945857e+02
6.084129383130843962e+02
6.106644790495897723e+02
6.127907679623540389e+02
6.147913252843326291e+02
6.166656971032888350e+02
6.184134555279566712e+02
6.200341988507292399e+02
6.215275517068416775e+02
6.228931652300059341e+02
6.241307172044696472e+02
6.252399122134509071e+02
6.262204817839225370e+02
6.270721845277055309e+02
6.277948062788312882e+02
6.283881602271442262e+02
6.288520870480996336e+02
6.291864550287268685e+02
6.293911601897166292e+02
6.294661264035985369e+02
6.294113055089727595e+02
6.292266774207553226e+02
6.289122502364039065e+02
6.284680603380893444e+02
6.278941724907689377e+02
6.271906799361346430e+02
6.263577044823895221e+02
6.253953965898263050e+02
6.243039354521604309e+02
6.230835290735925582e+02
6.217344143415525650e+02
6.202568570950973026e+02
6.186511521889221967e+02
6.169176235529469068e+02
6.150566242474462797e+02
6.130685365136806695e+02
6.109537718199979963e+02
6.087127709033629799e+02
6.063460038062826243e+02
6.038539699090899830e+02
6.012371979575472096e+02
5.984962460857332189e+02
5.956317018341827634e+02
5.926441821632315623e+02
5.895343334615394042e+02
5.863028315497516587e+02
5.829503816792612270e+02
5.794777185260359147e+02
5.758856061794725747e+02
5.721748381262475505e+02
5.683462372291172642e+02
5.644006557006401863e+02
5.603389750717800553e+02
5.561621061553569234e+02
5.518709890043012365e+02
5.474665928646879820e+02
5.429499161235003157e+02
5.383219862510945859e+02
5.335838597383300339e+02
5.287366220283199709e+02
5.237813874427761220e+02
5.187192991029045288e+02
5.135515288448171987e+02
5.082792771294226668e+02
5.029037729467627287e+02
4.974262737147528242e+02
4.918480651722927632e+02
4.861704612667094807e+02
4.803948040355018065e+02
4.745224634823379120e+02
4.685548374472815567e+02
4.624933514712031979e+02
4.563394586543432183e+02
4.500946395089847556e+02
4.437604018062086766e+02
4.373382804166876099e+02
4.308298371454800417e+02
4.242366605607991801e+02
4.175603658167065646e+02
4.108025944697008072e+02
4.039650142891678115e+02
3.970493190616480206e+02
3.900572283888885750e+02
3.829904874796469016e+02
3.758508669351997469e+02
3.686401625285343471e+02
3.613601949771686463e+02
3.540128097095824842e+02
3.465998766252075711e+02
3.391232898479461255e+02
3.315849674731857135e+02
3.239868513082640220e+02
3.163309066063556543e+02
3.086191217937396232e+02
3.008535081904128106e+02
2.930360997240117058e+02
2.851689526370062708e+02
2.772541451871323943e+02
2.692937773410176305e+02
2.612899704609750984e+02
2.532448669849197813e+02
2.451606300993781815e+02
2.370394434055464217e+02
2.288835105783603012e+02
2.206950550185630391e+02
2.124763194976938507e+02
2.042295657959959669e+02
1.959570743331919971e+02
1.876611437920930143e+02
1.793440907349965983e+02
1.710082492128598233e+02
1.626559703671851196e+02
1.542896220245916652e+02
1.459115882840450809e+02
1.375242690966931036e+02
1.291300798382868038e+02
1.207314508741281003e+02
1.123308271165420820e+02
1.039306675747974822e+02
9.553344489746910995e+01
8.714164490718718525e+01
7.875776612775405283e+01
7.038431930356773591e+01
6.202382691134698689e+01
5.367882266408994951e+01
4.535185100725064444e+01
3.704546660709075923e+01
2.876223383116595755e+01
2.050472622091399444e+01
1.227552595631362919e+01
4.077223312564996149e+00
-4.087583891234942257e+00
-1.221629085146369675e+01
-2.030628634742240024e+01
-2.835495331690702869e+01
-3.635966943993557265e+01
-4.431780773065500512e+01
-5.222673713749298940e+01
-6.008382315155827769e+01
-6.788642842335465843e+01
-7.563191338782212370e+01
-8.331763689776460069e+01
-9.094095686566771519e+01
-9.849923091398756014e+01
-1.059898170339101853e+02
-1.134100742526287604e+02
-1.207573633091878946e+02
-1.280290473389177919e+02
-1.352224925664935995e+02
-1.423350690076621277e+02
-1.493641511796858481e+02
-1.563071188205026374e+02
-1.631613576166890311e+02
-1.699242599402138580e+02
-1.765932255940510913e+02
-1.831656625666860805e+02
-1.896389877955285783e+02
-1.960106279392996385e+02
-2.022780201594089249e+02
-2.084386129103590406e+02
-2.144898667392338893e+02
-2.204292550942777211e+02
-2.262542651426230123e+02
-2.319623985971957154e+02
-2.375511725528443208e+02
-2.430181203317051768e+02
-2.483607923378771147e+02
-2.535767569213930983e+02
-2.586636012515855327e+02
-2.636189321998294872e+02
-2.684403772317255061e+02
-2.731255853087569676e+02
-2.776722277994563228e+02
-2.820779994001063642e+02
-2.863406190650409826e+02
-2.904578309465423445e+02
-2.944274053444156607e+02
-2.982471396652324529e+02
-3.019148593913162131e+02
-3.054284190594959227e+02
-3.087857032496398233e+02
-3.119846275830537934e+02
-3.150231397307295538e+02
-3.178992204315183017e+02
-3.206108845202535349e+02
-3.231561819658423929e+02
-3.255331989193930440e+02
-3.277400587723903982e+02
-3.297749232249710758e+02
-3.316359933643234399e+02
-3.333215107532556658e+02
-3.348297585289737981e+02
-3.361590625120879849e+02
-3.373077923259054387e+02
-3.382743625260332010e+02
-3.390572337403259553e+02
-3.396549138192310693e+02
-3.400659589965453051e+02
-3.402889750606361758e+02
-3.403226185361636453e+02
-3.401655978763214989e+02
-3.398166746656627311e+02
-3.392746648335244117e+02
-3.385384398780938682e+02
-3.376069281011532439e+02
-3.364791158535440445e+02
-3.351540487913771358e+02
-3.336308331430491307e+02
-3.319086369870487943e+02
-3.299866915406657881e+02
-3.278642924595719705e+02
-3.255408011483489190e+02
-3.230156460819819131e+02
-3.202883241383583481e+02
-3.173584019418319713e+02
-3.142255172178345219e+02
-3.108893801586384598e+02
-3.073497748002587286e+02
-3.036065604105376678e+02
-2.996596728884735512e+02
-2.955091261748191300e+02
-2.911550136739401751e+02
-2.865975096870752168e+02
-2.818368708569105365e+02
-2.768734376235961463e+02
-2.717076356922157174e+02
-2.663399775117031822e+02
-2.607710637653403865e+02
-2.550015848727321099e+02
-2.490323225034658208e+02
-2.428641511023138264e+02
-2.364980394261738184e+02
-2.299350520926700483e+02
-2.231763511404906239e+02
-2.162231976015546024e+02
-2.090769530849274815e+02
-2.017390813726206034e+02
-1.942111500272721969e+02
-1.864948320117500771e+02
-1.785919073207114707e+02
-1.705042646241718103e+02
-1.622339029230806773e+02
-1.537829332169912959e+02
-1.451535801838199404e+02
-1.363481838717666506e+02
-1.273692014033886153e+02
-1.182192086919162648e+02
-1.089009021698038850e+02
-9.941710052956477739e+01
-8.977074647695962994e+01
-7.996490849651627286e+01
-7.000278262946812902e+01
-5.988769426409862717e+01
-4.962309993861344992e+01
-3.921258915646467358e+01
-2.865988621423548466e+01
-1.796885204212867393e+01
-7.143486057047994109e+00
3.812071971644400037e+00
1.489354004371853080e+01
2.609649203687422414e+01
3.741635580285219476e+01
4.884841125067487155e+01
6.038778841709154221e+01
7.202946552413322934e+01
8.376826702376183675e+01
9.559886162956627231e+01
1.075157603354909952e+02
1.195133144215114953e+02
1.315857134462939939e+02
1.437269832267211314e+02
1.559309838043145646e+02
1.681914073985017239e+02
1.805017763466166798e+02
1.928554410307415310e+02
2.052455777912127814e+02
2.176651868268572798e+02
2.301070900818267546e+02
2.425639291191018856e+02
2.550281629805294870e+02
2.674920660334373679e+02
2.799477258036959029e+02
2.923870407953363610e+02
3.048017182964931635e+02
3.171832721718456014e+02
3.295230206413243650e+02
3.418120840452165794e+02
3.540413825954838103e+02
3.662016341133858077e+02
3.782833517532981205e+02
3.902768417126771965e+02
4.021722009281966166e+02
4.139593147579817014e+02
4.256278546498942887e+02
4.371672757958403963e+02
4.485668147720953129e+02
4.598154871655588067e+02
4.709020851859550021e+02
4.818151752638914331e+02
4.925430956347627216e+02
5.030739539084679564e+02
5.133956246249272226e+02
5.234957467952790466e+02
5.333617214288242394e+02
5.429807090456197329e+02
5.523396271746842103e+02
5.614251478377937019e+02
5.702236950188453193e+02
5.787214421187491098e+02
5.869043093957479869e+02
5.947579613912203058e+02
6.022678043409159727e+02
6.094189835714660148e+02
6.161963808823275031e+02
6.225846119129873841e+02
6.285680234953961190e+02
6.341306909916729637e+02
6.392564156169573835e+02
6.439287217474357021e+02
6.481308542134975141e+02
6.518457755779036233e+02
6.550561633990728296e+02
6.577444074793293112e+02
6.598926070980960503e+02
6.614825682300870540e+02
6.624958007483546680e+02
6.629135156121210457e+02
6.627166220396102290e+02
6.618857246654843038e+02
6.604011206831091840e+02
6.582427969715681684e+02
6.553904272072250023e+02
6.518233689600747311e+02
6.475206607745967631e+02
6.424610192352120066e+02
6.366228360162167519e+02
6.299841749163315399e+02
6.225227688775266870e+02
6.142160169884155039e+02
6.050409814720005670e+02
5.949743846576493524e+02
5.839926059375720797e+02
5.720716787074125023e+02
5.591872872911299055e+02
5.453147638501031906e+02
5.304290852763515431e+02
5.145048700699371693e+02
4.975163752003791160e+02
4.794374929521945887e+02
4.602417477544477151e+02
4.399022929941493203e+02
4.183919078139042540e+02
3.956829938930277422e+02
3.717475722129602218e+02
3.465572798062494257e+02
3.200833664893980313e+02
2.922966915794822853e+02
2.631677205945015885e+02
2.326665219374226581e+02
2.007627635638018546e+02
1.674257096331239154e+02
1.326242171436351782e+02
9.632673255073314067e+01
5.850128836895601125e+01
1.911549975723391981e+01
-2.186343891215074109e+01
-6.446875750153776607e+01
-1.087341135721471801e+02
-1.546935958654030401e+02
-2.023817278005553817e+02
-2.518334709894515981e+02
-3.030842287677951390e+02
-3.561698497433972079e+02
-4.111266313612577505e+02
-4.679913234854975599e+02
-5.268011319982761052e+02
-5.875937224156587035e+02
-6.504072235204730532e+02
-7.152802310123079224e+02
-7.822518111744211637e+02
-8.513615045579135767e+02
-9.226493296830667532e+02
-9.961557867577066645e+02
-1.071921861412964063e+03
