-3.901064367913390925e+02
-3.785704574757669434e+02
-3.672737805506412769e+02
-3.562130146768172381e+02
-3.453848019151678272e+02
-3.347858175042160838e+02
-3.244127696386653952e+02
-3.142623992488379372e+02
-3.043314797810289747e+02
-2.946168169787561055e+02
-2.851152486649193634e+02
-2.758236445248562632e+02
-2.667389058902981560e+02
-2.578579655242269837e+02
-2.491777874066315235e+02
-2.406953665211403859e+02
-2.324077286425685998e+02
-2.243119301253518643e+02
-2.164050576928511873e+02
-2.086842282275665639e+02
-2.011465885622255882e+02
-1.937893152717620069e+02
-1.866096144661678409e+02
-1.796047215842304468e+02
-1.727719011881540609e+02
-1.661084467590449094e+02
-1.596116804932867126e+02
-1.532789530997779366e+02
-1.471076435980457973e+02
-1.410951591172261033e+02
-1.352389346959212162e+02
-1.295364330829115715e+02
-1.239851445387403146e+02
-1.185825866381592277e+02
-1.133263040734345850e+02
-1.082138684585102055e+02
-1.032428781340372552e+02
-9.841095797324715022e+01
-9.371575918869120869e+01
-8.915495913982067577e+01
-8.472626114143122322e+01
-8.042739427294372945e+01
-7.625611318853725606e+01
-7.221019792813262939e+01
-6.828745372921207490e+01
-6.448571083948195337e+01
-6.080282433038019008e+01
-5.723667391142180350e+01
-5.378516374537457523e+01
-5.044622226427736678e+01
-4.721780198628880498e+01
-4.409787933336519927e+01
-4.108445444977587613e+01
-3.817555102143410295e+01
-3.536921609606815764e+01
-3.266351990420662332e+01
-3.005655568099314223e+01
-2.754643948881584947e+01
-2.513131004076376485e+01
-2.280932852489445395e+01
-2.057867842932182612e+01
-1.843756536811474689e+01
-1.638421690801033037e+01
-1.441688239593850085e+01
-1.253383278735054773e+01
-1.073336047536236038e+01
-9.013779120698700353e+00
-7.373423482438511201e+00
-5.810649249568541563e+00
-4.323832873333685711e+00
-2.911371400383814034e+00
-1.571682306722095745e+00
-3.032033324459462165e-01
8.956076827234937809e-01
2.026272963108112890e+00
3.090294959965149246e+00
4.089156513578927843e+00
5.024321014574752553e+00
5.897232564440855640e+00
6.709316135274775661e+00
7.461977728745750937e+00
8.156604534275402330e+00
8.794565086444890767e+00
9.377209421621955698e+00
9.905869233820340014e+00
1.038185802977795902e+01
1.080647128327473183e+01
1.118098658867256745e+01
1.150666381369387636e+01
1.178474525143019491e+01
1.201645577159354161e+01
1.220300297100129683e+01
1.234557732329869850e+01
1.244535232793077739e+01
1.250348465834963463e+01
1.252111430947252302e+01
1.249936474438288769e+01
1.243934304028266524e+01
1.234214003369322654e+01
1.220883046490996549e+01
1.204047312170939676e+01
1.183811098231069536e+01
1.160277135759986322e+01
1.133546603260435859e+01
1.103719140723762848e+01
1.070892863629967451e+01
1.035164376874422487e+01
9.966287886213422098e+00
9.553797240836047422e+00
9.115093392300195774e+00
8.651083344194262281e+00
8.162659679620901443e+00
7.650700696088279074e+00
7.116070539672818995e+00
6.559619338466291083e+00
5.982183335299168903e+00
5.384585019745031786e+00
4.767633259411468316e+00
4.132123430513843232e+00
3.478837547735906810e+00
2.808544393382135240e+00
2.121999645815321855e+00
1.419946007191583703e+00
7.031133304863033118e-01
-2.778125418524268753e-02
-7.720332139449510578e-01
-1.528950488236205274e+00
-2.297853364603042792e+00
-3.078074355167018439e+00
-3.868958073801877617e+00
-4.669861114000468660e+00
-5.480151927432416414e+00
-6.299210703196877148e+00
-7.126429247758608199e+00
-7.961210865573548290e+00
-8.802970240400952662e+00
-9.651133317295204961e+00
-1.050513718528259233e+01
-1.136442996071650668e+01
-1.222847067131147014e+01
-1.309672914085308548e+01
-1.396868587458300226e+01
-1.484383194525645422e+01
-1.572166887987282280e+01
-1.660170854707206445e+01
-1.748347304520171974e+01
-1.836649459105132109e+01
-1.925031540924567253e+01
-2.013448762230672173e+01
-2.101857314137157573e+01
-2.190214355757223075e+01
-2.278478003407195729e+01
-2.366607319875663507e+01
-2.454562303758007147e+01
-2.542303878856176880e+01
-2.629793883643537811e+01
-2.716995060794437222e+01
-2.803871046778562004e+01
-2.890386361519824732e+01
-2.976506398119380492e+01
-3.062197412643138250e+01
-3.147426513973005058e+01
-3.232161653721965422e+01
-3.316371616212933304e+01
-3.400026008520865162e+01
-3.483095250578452351e+01
-3.565550565344540246e+01
-3.647363969035819764e+01
-3.728508261421200132e+01
-3.808957016178555932e+01
-3.888684571314283289e+01
-3.967666019644750008e+01
-4.045877199339986419e+01
-4.123294684529162168e+01
-4.199895775968056455e+01
-4.275658491767597980e+01
-4.350561558184250543e+01
-4.424584400471277945e+01
-4.497707133791243450e+01
-4.569910554189112872e+01
-4.641176129626362012e+01
-4.711485991075244328e+01
-4.780822923673659375e+01
-4.849170357939917153e+01
-4.916512361047747959e+01
-4.982833628160878447e+01
-5.048119473827452452e+01
-5.112355823433659907e+01
-5.175529204716812615e+01
-5.237626739337611070e+01
-5.298636134511036744e+01
-5.358545674696324568e+01
-5.417344213345279513e+01
-5.475021164709178834e+01
-5.531566495703779651e+01
-5.586970717832465994e+01
-5.641224879167188533e+01
-5.694320556387282295e+01
-5.746249846875619482e+01
-5.797005360872262258e+01
-5.846580213685257377e+01
-5.894968017958444761e+01
-5.942162875996115190e+01
-5.988159372144340864e+01
-6.032952565228725916e+01
-6.076537981048593906e+01
-6.118911604927271242e+01
-6.160069874318213579e+01
-6.200009671467147143e+01
-6.238728316129660811e+01
-6.276223558344327103e+01
-6.312493571261045133e+01
-6.347536944024484740e+01
-6.381352674712522344e+01
-6.413940163329318978e+01
-6.445299204853043307e+01
-6.475429982337998069e+01
-6.504333060070888450e+01
-6.532009376781273602e+01
-6.558460238905769302e+01
-6.583687313906028749e+01
-6.607692623640214435e+01
-6.630478537787843152e+01
-6.652047767327825056e+01
-6.672403358069442447e+01
-6.691548684236224176e+01
-6.709487442102492594e+01
-6.726223643682288866e+01
-6.741761610470719290e+01
-6.756105967237374443e+01
-6.769261635871730221e+01
-6.781233829280286329e+01
-6.792028045335435138e+01
-6.801650060875599024e+01
-6.810105925756749912e+01
-6.817401956955021092e+01
-6.823544732720141326e+01
-6.828541086779675595e+01
-6.832398102593845124e+01
-6.835123107660663777e+01
-6.836723667871360988e+01
-6.837207581915848209e+01
-6.836582875737960308e+01
-6.834857797040535843e+01
-6.832040809839865858e+01
-6.828140589069604971e+01
-6.823166015233799442e+01
-6.817126169108902900e+01
-6.810030326494643305e+01
-6.801887953013525134e+01
-6.792708698958796276e+01
-6.782502394190731820e+01
-6.771279043081025861e+01
-6.759048819505147776e+01
-6.745822061882438447e+01
-6.731609268263900958e+01
-6.716421091467279325e+01
-6.700268334259516223e+01
-6.683161944586231584e+01
-6.665113010848099862e+01
-6.646132757223986687e+01
-6.626232539040620395e+01
-6.605423838188653463e+01
-6.583718258584920591e+01
-6.561127521680768382e+01
-6.537663462016175231e+01
-6.513338022819621642e+01
-6.488163251653445229e+01
-6.462151296104514131e+01
-6.435314399520095208e+01
-6.407664896788696751e+01
-6.379215210165695282e+01
-6.349977845143661881e+01
-6.319965386367090332e+01
-6.289190493591466691e+01
-6.257665897686419498e+01
-6.225404396682817776e+01
-6.192418851863661189e+01
-6.158722183898526481e+01
-6.124327369021469281e+01
-6.089247435252134721e+01
-6.053495458659981665e+01
-6.017084559671330624e+01
-5.980027899419234672e+01
-5.942338676135810971e+01
-5.904030121586981750e+01
-5.865115497549408730e+01
-5.825608092329471077e+01
-5.785521217324042453e+01
-5.744868203623006764e+01
-5.703662398653241183e+01
-5.661917162863903741e+01
-5.619645866452935934e+01
-5.576861886134494739e+01
-5.533578601947199616e+01
-5.489809394103022555e+01
-5.445567639876610144e+01
-5.400866710534933191e+01
-5.355719968306961931e+01
-5.310140763393377483e+01
-5.264142431015967105e+01
-5.217738288506603794e+01
-5.170941632435696533e+01
-5.123765735779822705e+01
-5.076223845128421175e+01
-5.028329177929411742e+01
-4.980094919773499385e+01
-4.931534221717004129e+01
-4.882660197643098599e+01
-4.833485921661196727e+01
-4.784024425544362913e+01
-4.734288696204597358e+01
-4.684291673205735407e+01
-4.634046246313884154e+01
-4.583565253085146196e+01
-4.532861476490522534e+01
-4.481947642577743096e+01
-4.430836418169924684e+01
-4.379540408600835377e+01
-4.328072155486630379e+01
-4.276444134533799257e+01
-4.224668753383298991e+01
-4.172758349490543850e+01
-4.120725188041159726e+01
-4.068581459902333819e+01
-4.016339279609556456e+01
-3.964010683388574563e+01
-3.911607627212416816e+01
-3.859141984893293653e+01
-3.806625546209183142e+01
-3.754070015064986165e+01
-3.701487007687988751e+01
-3.648888050857556919e+01
-3.596284580168769196e+01
-3.543687938329969001e+01
-3.491109373493911505e+01
-3.438560037622398369e+01
-3.386050984884266057e+01
-3.333593170086467694e+01
-3.281197447138112722e+01
-3.228874567547343588e+01
-3.176635178950772698e+01
-3.124489823675365585e+01
-3.072448937332627494e+01
-3.020522847444830461e+01
-2.968721772103174672e+01
-2.917055818657714639e+01
-2.865534982438814637e+01
-2.814169145510006942e+01
-2.762968075452091909e+01
-2.711941424178251836e+01
-2.661098726780053170e+01
-2.610449400404134934e+01
-2.560002743159419936e+01
-2.509767933054683553e+01
-2.459754026966271923e+01
-2.409969959635841619e+01
-2.360424542697917261e+01
-2.311126463737080172e+01
-2.262084285374667658e+01
-2.213306444384731009e+01
-2.164801250839166258e+01
-2.116576887281760122e+01
-2.068641407931018250e+01
-2.021002737911632607e+01
-1.973668672514332911e+01
-1.926646876484019089e+01
-1.879944883335962658e+01
-1.833570094699937059e+01
-1.787529779692049559e+01
-1.741831074314144701e+01
-1.696480980880606282e+01
-1.651486367472347894e+01
-1.606853967417839968e+01
-1.562590378801015412e+01
-1.518702063995850260e+01
-1.475195349227439401e+01
-1.432076424159454753e+01
-1.389351341507725479e+01
-1.347026016679812699e+01
-1.305106227440433209e+01
-1.263597613602488856e+01
-1.222505676743561764e+01
-1.181835779947737386e+01
-1.141593147572509181e+01
-1.101782865040634007e+01
-1.062409878656778695e+01
-1.023478995448735063e+01
-9.849948830330747640e+00
-9.469620695050265269e+00
-9.093849433524656689e+00
-8.722677533937627459e+00
-8.356146087393668154e+00
-7.994294787769581134e+00
-7.637161931799510306e+00
-7.284784419391964860e+00
-6.937197754177433673e+00
-6.594436044284147869e+00
-6.256532003340759651e+00
-5.923516951704172584e+00
-5.595420817910520483e+00
-5.272272140347661562e+00
-4.954098069147682359e+00
-4.640924368297321578e+00
-4.332775417964591647e+00
-4.029674217040345674e+00
-3.731642385892290026e+00
-3.438700169330362488e+00
-3.150866439781232486e+00
-2.868158700670671912e+00
-2.590593090011591659e+00
-2.318184384196174008e+00
-2.050946001990614942e+00
-1.788890008730288805e+00
-1.532027120713770119e+00
-1.280366709794277913e+00
-1.033916808166254642e+00
-7.926841133456635768e-01
-5.566739933423590081e-01
-3.258904920224693913e-01
-1.003363346592132110e-01
1.199870663294275164e-01
3.350796054582525496e-01
5.449424780691691783e-01
7.495781740439143581e-01
9.489904713372183664e-01
1.143184429331891794e+00
1.332166382017786255e+00
1.515943930996077382e+00
1.694525938310985191e+00
1.867922519110436053e+00
2.036145034137376353e+00
2.199206082053663636e+00
2.357119491598195449e+00
2.509900313580886611e+00
2.657564812714458657e+00
2.800130459285696816e+00
2.937615920667784319e+00
3.070041052675681836e+00
3.197426890766192020e+00
3.319795641084340776e+00
3.437170671358033669e+00
3.549576501642609294e+00
3.657038794916964708e+00
3.759584347533166060e+00
3.857241079521157801e+00
3.950038024750373911e+00
4.038005320949933363e+00
4.121174199589239251e+00
4.199576975620701980e+00
4.273247037086253641e+00
4.342218834589520071e+00
4.406527870635322586e+00
4.466210688838214260e+00
4.521304863001899932e+00
4.571848986071208820e+00
4.617882658958341935e+00
4.659446479245217709e+00
4.696582029763603394e+00
4.729331867054773042e+00
4.757739509710449788e+00
4.781849426596798125e+00
4.801707024963144832e+00
4.817358638437253759e+00
4.828851514908818920e+00
4.836233804302983330e+00
4.839554546245572020e+00
4.838863657621836012e+00
4.834211920030398346e+00
4.825650967134181180e+00
4.813233271910045907e+00
4.797012133798881806e+00
4.777041665757896460e+00
4.753376781216857694e+00
4.726073180939982521e+00
4.695187339795307224e+00
4.660776493433181678e+00
4.622898624875693585e+00
4.581612451018755472e+00
4.536977409048583709e+00
4.489053642774296193e+00
4.437901988878445003e+00
4.383583963087136048e+00
4.326161746261507624e+00
4.265698170412386858e+00
4.202256704639725449e+00
4.135901440998687839e+00
4.066697080294040312e+00
3.994708917804675075e+00
3.920002828939920470e+00
3.842645254829419432e+00
3.762703187848367659e+00
3.680244157079765266e+00
3.595336213715459639e+00
3.508047916397790456e+00
3.418448316503463591e+00
3.326606943371447134e+00
3.232593789476710278e+00
3.136479295551403368e+00
3.038334335655300311e+00
2.938230202197307239e+00
2.836238590909641477e+00
2.732431585776506910e+00
2.626881643919057208e+00
2.519661580438254944e+00
2.410844553217500685e+00
2.300504047686661391e+00
2.188713861549384188e+00
2.075548089475284019e+00
1.961081107758812392e+00
1.845387558946630646e+00
1.728542336435087146e+00
1.610620569039596717e+00
1.491697605537769755e+00
1.371848999187855300e+00
1.251150492224328614e+00
1.129678000332449583e+00
1.007507597103370900e+00
8.847154984716091297e-01
7.613780471367286307e-01
6.375716969707914128e-01
5.133729974134085827e-01
3.888585778562265172e-01
2.641051320184016338e-01
1.391894023149641002e-01
1.418816421969621051e-02
-1.108217893755739647e-01
-2.357636638037090004e-01
-3.605606782651960551e-01
-4.851360814694467560e-01
-6.094131672728985150e-01
-7.333152903120832011e-01
-8.567658816298359126e-01
-9.796884642930724363e-01
-1.102006669000308747e+00
-1.223644249677089624e+00
-1.344525099057758633e+00
-1.464573264251739504e+00
-1.583712962292500137e+00
-1.701868595667627604e+00
-1.818964767828185947e+00
-1.934926298675527789e+00
-2.049678240023998566e+00
-2.163145891037635771e+00
-2.275254813639238538e+00
-2.385930847889909057e+00
-2.495100127337501750e+00
-2.602689094332158781e+00
-2.708624515307100911e+00
-2.812833496023090074e+00
-2.915243496774753140e+00
-3.015782347556936749e+00
-3.114378263189497176e+00
-3.210959858398728883e+00
-3.305456162853587898e+00
-3.397796636155135275e+00
-3.487911182777370112e+00
-3.575730166957650447e+00
-3.661184427535087327e+00
-3.744205292735112156e+00
-3.824724594898393892e+00
-3.902674685152512257e+00
-3.977988448024552870e+00
-4.050599315992859495e+00
-4.120441283976284730e+00
-4.187448923759111707e+00
-4.251557398350000128e+00
-4.312702476273067909e+00
-4.370820545789531053e+00
-4.425848629048060090e+00
-4.477724396162093612e+00
-4.526386179212449790e+00
-4.571772986173443520e+00
-4.613824514760731077e+00
-4.652481166199208928e+00
-4.687684058909205476e+00
-4.719375042109161811e+00
-4.747496709333148601e+00
-4.771992411861428529e+00
-4.792806272062304807e+00
-4.809883196643549574e+00
-4.823168889811668691e+00
-4.832609866337215898e+00
-4.838153464524466152e+00
-4.839747859083668224e+00
-4.837342073904170370e+00
-4.830885994726616950e+00
-4.820330381712550682e+00
-4.805626881909601522e+00
-4.786728041610580853e+00
-4.763587318604695753e+00
-4.736159094319157603e+00
-4.704398685849453088e+00
-4.668262357876511004e+00
-4.627707334469022271e+00
-4.582691810769215834e+00
-4.533174964560282127e+00
-4.479116967713736130e+00
-4.420478997514981856e+00
-4.357223247865337434e+00
-4.289312940358720461e+00
-4.216712335231359354e+00
-4.139386742182685097e+00
-4.057302531065705153e+00
-3.970427142445107638e+00
-3.878729098021400645e+00
-3.782178010919247324e+00
-3.680744595838299826e+00
-3.574400679064879238e+00
-3.463119208342588351e+00
-3.346874262600211924e+00
-3.225641061535222676e+00
-3.099395975051003393e+00
-2.968116532546114961e+00
-2.831781432053956493e+00
-2.690370549230888919e+00
-2.543864946191209508e+00
-2.392246880187252511e+00
-2.235499812132765385e+00
-2.073608414967856639e+00
-1.906558581863893931e+00
-1.734337434266397526e+00
-1.556933329774373709e+00
-1.374335869854162784e+00
-1.186535907386327082e+00
-9.935255540435434796e-01
-7.952981874978688470e-01
-5.918484584557938133e-01
-3.831722975190778868e-01
-1.692669218697302747e-01
4.986915822244931268e-02
2.742361330717832391e-01
5.038328874297133275e-01
7.386569945204486398e-01
9.787047102613202210e-01
1.223970967669432586e+00
1.474449371456201474e+00
1.730132192811818070e+00
1.991010364381274877e+00
2.257073475433430065e+00
2.528309767225337623e+00
2.804706128563178247e+00
3.086248091561813567e+00
3.372919827604378806e+00
3.664704143504025069e+00
3.961582477869452834e+00
4.263534897675613777e+00
4.570540095041918605e+00
4.882575384219346226e+00
5.199616698788059210e+00
5.521638589067674907e+00
5.848614219741702591e+00
6.180515367697710261e+00
6.517312420085358049e+00
6.858974372593881874e+00
7.205468827950426203e+00
7.556761994641630231e+00
7.912818685859720702e+00
8.273602318674832645e+00
8.639074913435690561e+00
9.009197093400130640e+00
9.383928084596991681e+00
9.763225715921670655e+00
1.014704641946659791e+01
1.053534523108868015e+01
1.092807579121507544e+01
1.132519034588961304e+01
1.172663974806113352e+01
1.213237345911555565e+01
1.254233955065359574e+01
1.295648470651594053e+01
1.337475422505707279e+01
1.379709202167023108e+01
1.422344063156484673e+01
1.465374121279797137e+01
1.508793354956208255e+01
1.552595605573051962e+01
1.596774577866223765e+01
1.641323840326803207e+01
1.686236825633975656e+01
1.731506831114404221e+01
1.777127019228266036e+01
1.823090418082110986e+01
1.869389921968719648e+01
1.916018291934100048e+01
1.962968156371870521e+01
2.010232011645145178e+01
2.057802222736096454e+01
2.105671023923398977e+01
2.153830519487732431e+01
2.202272684445461337e+01
2.250989365310727663e+01
2.299972280886123954e+01
2.349213023082060303e+01
2.398703057765085944e+01
2.448433725635288738e+01
2.498396243132929229e+01
2.548581703374543750e+01
2.598981077118656202e+01
2.649585213761238123e+01
2.700384842361171422e+01
2.751370572695815753e+01
2.802532896346902191e+01
2.853862187816888607e+01
2.905348705675977072e+01
2.956982593739990861e+01
3.008753882279200198e+01
3.060652489258366060e+01
3.112668221608144847e+01
3.164790776527980043e+01
3.217009742820727070e+01
3.269314602259157709e+01
3.321694730984481225e+01
3.374139400937125544e+01
3.426637781319907106e+01
3.479178940093757433e+01
3.531751845506217080e+01
3.584345367652839798e+01
3.636948280071693063e+01
3.689549261371164590e+01
3.742136896891122433e+01
3.794699680397804542e+01
3.847226015812419320e+01
3.899704218973766956e+01
3.952122519434941239e+01
4.004469062294450765e+01
4.056731910061699864e+01
4.108899044557222879e+01
4.160958368847749256e+01
4.212897709216242959e+01
4.264704817167167050e+01
4.316367371467089953e+01
4.367872980220850820e+01
4.419209182983386341e+01
4.470363452907493240e+01
4.521323198927630926e+01
4.572075767979954009e+01
4.622608447258748043e+01
4.672908466509480263e+01
4.722963000358546282e+01
4.772759170679997709e+01
4.822284048999361517e+01
4.871524658934724528e+01
4.920467978675289089e+01
4.969100943497564060e+01
5.017410448319306226e+01
5.065383350291497777e+01
5.113006471428450794e+01
5.160266601276234155e+01
5.207150499619593376e+01
5.253644899227557374e+01
5.299736508637910504e+01
5.345412014980616533e+01
5.390658086840524277e+01
5.435461377159387553e+01
5.479808526177453132e+01
5.523686164414759503e+01
5.567080915692358190e+01
5.609979400193518728e+01
5.652368237565288922e+01
5.694234050060391183e+01
5.735563465719728526e+01
5.776343121595675711e+01
5.816559667016304047e+01
5.856199766890679825e+01
5.895250105055497158e+01
5.933697387663163880e+01
5.971528346611496829e+01
6.008729743015280178e+01
6.045288370719747206e+01
6.081191059856254100e+01
6.116424680440300676e+01
6.150976146012018830e+01
6.184832417319383779e+01
6.217980506044249012e+01
6.250407478571447228e+01
6.282100459801054626e+01
6.313046637004069339e+01
6.343233263721617021e+01
6.372647663707907384e+01
6.401277234917077408e+01
6.429109453534125862e+01
6.456131878050076978e+01
6.482332153381577200e+01
6.507698015035106209e+01
6.532217293315946449e+01
6.555877917582108694e+01
6.578667920543358605e+01
6.600575442605588705e+01
6.621588736260586927e+01
6.641696170521520060e+01
6.660886235404213096e+01
6.679147546454402118e+01
6.696468849321179562e+01
6.712839024376749819e+01
6.728247091382786493e+01
6.742682214203335889e+01
6.756133705564744218e+01
6.768591031862496266e+01
6.780043818015326451e+01
6.790481852366751525e+01
6.799895091634091671e+01
6.808273665905241501e+01
6.815607883683429691e+01
6.821888236979961562e+01
6.827105406455282832e+01
6.831250266608446964e+01
6.834313891015241893e+01
6.836287557615005994e+01
6.837162754046492807e+01
6.836931183032831427e+01
6.835584767815780083e+01
6.833115657639447704e+01
6.829516233283749216e+01
6.824779112647547663e+01
6.818897156381984814e+01
6.811863473573799865e+01
6.803671427479113731e+01
6.794314641307718716e+01
6.783787004058081038e+01
6.772082676403115897e+01
6.759196096627172778e+01
6.745121986614128673e+01
6.729855357886911804e+01
6.713391517698583755e+01
6.695726075175181791e+01
6.676854947510494753e+01
6.656774366212910365e+01
6.635480883404503061e+01
6.612971378172630921e+01
6.589243062974109932e+01
6.564293490092177308e+01
6.538120558146432870e+01
6.510722518655887825e+01
6.482097982655402291e+01
6.452245927365520117e+01
6.421165702916051998e+01
6.388857039123395509e+01
6.355320052321988555e+01
6.320555252249815226e+01
6.284563548988393222e+01
6.247346259957234338e+01
6.208905116962978354e+01
6.169242273303521529e+01
6.128360310927047294e+01
6.086262247646450874e+01
6.042951544409037012e+01
5.998432112621885892e+01
5.952708321532945490e+01
5.905785005667974019e+01
5.857667472323768720e+01
5.808361509117469268e+01
5.757873391592431744e+01
5.706209890880728608e+01
5.653378281422357077e+01
5.599386348741552411e+01
5.544242397280143564e+01
5.487955258288278060e+01
5.430534297772612717e+01
5.371989424502223187e+01
5.312331098072345981e+01
5.251570337026089419e+01
5.189718727034440349e+01
5.126788429134495573e+01
5.062792188026335793e+01
4.997743340428687020e+01
4.931655823493275648e+01
4.864544183278405853e+01
4.796423583281696779e+01
4.727309813032357511e+01
4.657219296742832171e+01
4.586169102020406285e+01
4.514176948638700537e+01
4.441261217369191172e+01
4.367440958873140744e+01
4.292735902653876678e+01
4.217166466069787134e+01
4.140753763408037003e+01
4.063519615019467324e+01
3.985486556514300105e+01
3.906677848019577937e+01
3.827117483497769967e+01
3.746830200127303101e+01
3.665841487744722826e+01
3.584177598349185700e+01
3.501865555668791785e+01
3.418933164789626744e+01
3.335409021847095801e+01
3.251322523780117990e+01
3.166703878148280182e+01
3.081584113011825821e+01
2.995995086875274183e+01
2.909969498693936885e+01
2.823540897944639028e+01
2.736743694759672962e+01
2.649613170125087436e+01
2.562185486142755053e+01
2.474497696357178711e+01
2.386587756146263928e+01
2.298494533177125732e+01
2.210257817926463986e+01
2.121918334266126749e+01
2.033517750113622924e+01
1.945098688148220845e+01
1.856704736592422478e+01
1.768380460058966719e+01
1.680171410464117798e+01
1.592124138006550993e+01
1.504286202212784929e+01
1.416706183048717094e+01
1.329433692097904895e+01
1.242519383806654787e+01
1.156014966795748933e+01
1.069973215239423325e+01
9.844479803116769290e+00
8.994942016997867995e+00
8.151679191857454043e+00
7.315262842951483435e+00
6.486275720141861711e+00
5.665311925748767408e+00
4.852977033084471259e+00
4.049888205670981733e+00
3.256674317147485453e+00
2.473976071863489778e+00
1.702446126162044493e+00
9.427492103558279268e-01
1.955622513963817255e-01
-5.384255037625962359e-01
-1.258512364102671199e+00
-1.963984069782100050e+00
-2.654113666674220440e+00
-3.328161380205756359e+00
-3.985374488489355826e+00
-4.624987194751838615e+00
-5.246220499054857100e+00
-5.848282069305696496e+00
-6.430366111557077602e+00
-6.991653239595052582e+00
-7.531310343812606334e+00
-8.048490459365439165e+00
-8.542332633612886639e+00
-9.011961792835904816e+00
-9.456488608234735693e+00
-9.875009361206366520e+00
-1.026660580789200594e+01
-1.063034504300128447e+01
-1.096527936290954131e+01
-1.127044612801876156e+01
-1.154486762439501035e+01
-1.178755092466531096e+01
-1.199748774818306174e+01
-1.217365432045585294e+01
-1.231501123183193158e+01
-1.242050329545111254e+01
-1.248905940444694807e+01
-1.251959238841186561e+01
-1.251099886910924397e+01
-1.246215911544538812e+01
-1.237193689768673721e+01
-1.223917934092696669e+01
-1.206271677780409846e+01
-1.184136260046034295e+01
-1.157391311174706061e+01
-1.125914737567063639e+01
-1.089582706707938087e+01
-1.048269632059168543e+01
-1.001848157875087963e+01
-9.501891439433620690e+00
-8.931616502469296393e+00
-8.306329215509549613e+00
-7.624683719116546854e+00
-6.885315691085679646e+00
-6.086842189988146856e+00
-5.227861497945013980e+00
-4.306952962620243852e+00
-3.322676838435882019e+00
-2.273574127004394541e+00
-1.158166416784069952e+00
2.504427805843079113e-02
1.277575679560186472e+00
2.600965408672891499e+00
3.996771148753850866e+00
5.466570809855738844e+00
7.011962693801933710e+00
8.634565660064708936e+00
1.033601929243036466e+01
1.211798406647039883e+01
1.398214151780803149e+01
1.593019441118758550e+01
1.796386691034717842e+01
2.008490474869699938e+01
2.229507540080362560e+01
2.459616825468174284e+01
2.698999478489804460e+01
2.947838872648890174e+01
3.206320624968429911e+01
3.474632613545691129e+01
3.752964995188244757e+01
4.041510223132036117e+01
4.340463064841196683e+01
