-6.217856339216768902e+01
3.615427692925584324e+01
5.369607267502863124e+01
-1.347412753240465122e+01
-7.392338083877226040e+01
-1.303621601718819250e+02
-1.781019247117781674e+02
-1.742963003733439962e+02
-1.149354221263013898e+02
-4.921926310571228669e+01
-3.100148077942524338e+01
-1.245042460548180863e+01
6.234465749703094417e+00
2.485234035375959749e+01
4.320305529746526219e+01
6.108928423388565676e+01
7.831861092609176467e+01
9.470558856199779996e+01
1.100737515948633245e+02
1.242575658679982951e+02
1.484758232645823739e+02
1.770482094184000346e+02
1.707970938943940382e+02
9.395354986867945968e+01
-2.079852173154901607e+01
-4.614783233819332509e+01
