-2.515691352788553559e+02
8.053862128344712801e+01
3.272285881102050098e+01
-8.752640343677970236e+01
-1.109566913094858052e+02
-1.086766720165222324e+02
-7.732643042108047382e+01
-5.175321367258776917e+01
-2.111744403767785627e+01
-7.430381737883829274e+00
-4.565345685831028177e+00
-1.808759255690992385e+00
9.039605364737189896e-01
3.638668512888384221e+00
6.460582575529295823e+00
9.432382805145657301e+00
1.261234197656242451e+01
1.605251104898704995e+01
1.979698319004325668e+01
2.388025989225381807e+01
3.314437439055236467e+01
5.587243498216699322e+01
8.779273891303331823e+01
1.126733526380293426e+02
5.580666404450889218e+01
-7.064826860112202667e+01
