-9.176992127335461191e+01
5.823240995148694310e+00
-2.515331511736627590e+01
-6.775854916826472163e+01
-6.436361693083878777e+01
-4.912772885140690704e+01
-1.972761438012522106e+01
-4.504006589960726892e+00
4.783527319191209770e+00
2.988522693914768436e+00
1.948900992292765810e+00
7.970076509396468722e-01
-4.001170642698835267e-01
-1.574582345070514977e+00
-2.658923275716119861e+00
-3.587372881151436488e+00
-4.297116636020034797e+00
-4.729516282083308099e+00
-4.831289801625156421e+00
-4.555634394416880006e+00
-2.723455353580582550e+00
6.582639800870285995e+00
2.762670444323522290e+01
6.025683624620243961e+01
6.073064861658023972e+01
3.135558552349493766e+00
