2.260441139953421953e+03
-6.479630343689550500e+02
-2.741532569453302131e+02
3.379180831118301285e+02
2.444484853986064081e+02
-3.006635039315500535e+01
-4.732905084792675439e+02
-6.205858577516490868e+02
-4.980682909077271461e+02
-2.245350498479498071e+02
-1.422311731880829768e+02
-5.729445118095190992e+01
2.870217979718662704e+01
1.141678877459238208e+02
1.975208015377968707e+02
2.772147753324769042e+02
3.517657848227739805e+02
4.197776792272132411e+02
4.799670129439320476e+02
5.311866807806303541e+02
6.029415278227165800e+02
6.082673757241554995e+02
3.670360705035267870e+02
-1.662942042431470782e+02
-2.471555660782241830e+02
5.627977924573697237e+02
