-9.812593896667849549e+02
-9.541820810384342622e+02
-9.276112034607131136e+02
-9.015401123591682335e+02
-8.759622254009827884e+02
-8.508710220920766005e+02
-8.262600433757661449e+02
-8.021228912330934691e+02
-7.784532282847758324e+02
-7.552447773947515088e+02
-7.324913212753745029e+02
-7.101867020941972442e+02
-6.883248210823903719e+02
-6.668996381447359454e+02
-6.459051714712668399e+02
-6.253354971504741115e+02
-6.051847487841296243e+02
-5.854471171037066597e+02
-5.661168495883784999e+02
-5.471882500846259063e+02
-5.286556784274016536e+02
-5.105135500629276066e+02
-4.927563356730133819e+02
-4.753785608009875432e+02
-4.583748054792076800e+02
-4.417397038581102606e+02
-4.254679438368575575e+02
-4.095542666955379900e+02
-3.939934667289217032e+02
-3.787803908817786578e+02
-3.639099383857655994e+02
-3.493770603978418876e+02
-3.351767596402451090e+02
-3.213040900420196522e+02
-3.077541563820741430e+02
-2.945221139337872955e+02
-2.816031681111471698e+02
-2.689925741164256578e+02
-2.566856365893809198e+02
-2.446777092579800410e+02
-2.329641945906682849e+02
-2.215405434501312811e+02
-2.104022547485883479e+02
-1.995448751046073994e+02
-1.889639985014155172e+02
-1.786552659467292870e+02
-1.686143651340789802e+02
-1.588370301056556855e+02
-1.493190409166309109e+02
-1.400562233009927695e+02
-1.310444483388628214e+02
-1.222796321253063070e+02
-1.137577354406353152e+02
-1.054747634221798762e+02
-9.742676523755380913e+01
-8.960983375938940299e+01
-8.202010524155411986e+01
-7.465375899682203453e+01
-6.750701707603639079e+01
-6.057614394871325203e+01
-5.385744618512399029e+01
-4.734727213982341709e+01
-4.104201163664492924e+01
-3.493809565514129645e+01
-2.903199601846517908e+01
-2.332022508271893457e+01
-1.779933542772778310e+01
-1.246591954925042955e+01
-7.316609552647150849e+00
-2.348076847959873703e+00
2.442968153570291179e+00
7.059776341553970269e+00
1.150556020708381766e+01
1.578349414195099598e+01
1.989671473642601995e+01
2.384832107564943726e+01
2.764137503458687206e+01
3.127890157159117734e+01
3.476388902055668950e+01
3.809928938166558510e+01
4.128801861074180124e+01
4.433295690720569837e+01
4.723694900063810564e+01
5.000280443595124780e+01
5.263329785717473897e+01
5.513116928986323728e+01
5.749912442211507368e+01
5.973983488421822585e+01
6.185593852692727523e+01
6.385003969835588578e+01
6.572470951951640927e+01
6.748248615848774534e+01
6.912587510321986883e+01
7.065734943298252801e+01
7.207935008846084202e+01
7.339428614049484167e+01
7.460453505747159397e+01
7.571244297137150170e+01
7.672032494247127943e+01
7.763046522270906280e+01
7.844511751771051422e+01
7.916650524748092721e+01
7.979682180577287909e+01
8.033823081811715383e+01
8.079286639853853558e+01
8.116283340494737786e+01
8.145020769320967702e+01
8.165703636990883751e+01
8.178533804379094363e+01
8.183710307590536104e+01
8.181429382843543863e+01
8.171884491223272562e+01
8.155266343304538168e+01
8.131762923645760566e+01
8.101559515153098801e+01
8.064838723315870084e+01
8.021780500313207085e+01
7.972562168992362786e+01
7.917358446719140375e+01
7.856341469100334507e+01
7.789680813579047935e+01
7.717543522902633413e+01
7.640094128464011192e+01
7.557494673516521289e+01
7.469904736262606093e+01
7.377481452816482488e+01
7.280379540041587916e+01
7.178751318262334280e+01
7.072746733851545287e+01
6.962513381692781422e+01
6.848196527518564380e+01
6.729939130124830626e+01
6.607881863461250305e+01
6.482163138598593832e+01
6.352919125573032488e+01
6.220283775107350266e+01
6.084388840210237959e+01
5.945363897653135155e+01
5.803336369325370470e+01
5.658431543467861502e+01
5.510772595785635986e+01
5.360480610439492466e+01
5.207674600917027874e+01
5.052471530783657272e+01
4.894986334313466614e+01
4.735331937000614744e+01
4.573619275951375585e+01
4.409957320157161575e+01
4.244453090649096794e+01
4.077211680533957860e+01
3.908336274912119279e+01
3.737928170677935213e+01
3.566086796202569076e+01
3.392909730899702936e+01
3.218492724674524652e+01
3.042929717256151889e+01
2.866312857413925030e+01
2.688732522057955521e+01
2.510277335223690898e+01
2.331034186942076758e+01
2.151088251993712674e+01
1.970523008549389488e+01
1.789420256695689204e+01
1.607860136846909427e+01
1.425921148043204312e+01
1.243680166135214904e+01
1.061212461856058553e+01
8.785917187801999262e+00
6.958900511699937397e+00
5.131780217102971164e+00
3.305246591308787174e+00
1.479974757178410982e+00
-3.433751528648940621e-01
-2.164157823944833581e+00
-3.981742586945301809e+00
-5.795513247827386749e+00
-7.604867918046238628e+00
-9.409218846061321528e+00
-1.120799224994323140e+01
-1.300062815106758762e+01
-1.478658020889724867e+01
-1.656531555684813384e+01
-1.833631463923512683e+01
-2.009907104929476418e+01
-2.185309136828436749e+01
-2.359789500564977516e+01
-2.533301404026360615e+01
-2.705799306272604099e+01
-2.877238901872891574e+01
-3.047577105347909310e+01
-3.216772035717548306e+01
-3.384783001154039539e+01
-3.551570483739800466e+01
-3.717096124330231532e+01
-3.881322707520496351e+01
-4.044214146716501546e+01
-4.205735469309377095e+01
-4.365852801953656126e+01
-4.524533355948082658e+01
-4.681745412719519095e+01
-4.837458309409154822e+01
-4.991642424560717473e+01
-5.144269163910783504e+01
-5.295310946280352482e+01
-5.444741189567616857e+01
-5.592534296841759556e+01
-5.738665642537222311e+01
-5.883111558748112202e+01
-6.025849321622800403e+01
-6.166857137857920179e+01
-6.306114131291792546e+01
-6.443600329596827692e+01
-6.579296651070541202e+01
-6.713184891525165199e+01
-6.845247711275021629e+01
-6.975468622221902137e+01
-7.103831975037732605e+01
-7.230322946444488252e+01
-7.354927526590785192e+01
-7.477632506525122835e+01
-7.598425465765166109e+01
-7.717294759963056094e+01
-7.834229508666197717e+01
-7.949219583173294268e+01
-8.062255594485398547e+01
-8.173328881351511654e+01
-8.282431498408575976e+01
-8.389556204415373486e+01
-8.494696450580285330e+01
-8.597846368982207821e+01
-8.699000761084759858e+01
-8.798155086343099640e+01
-8.895305450903244093e+01
-8.990448596393487435e+01
-9.083581888807731275e+01
-9.174703307480184833e+01
-9.263811434151378421e+01
-9.350905442125007028e+01
-9.435985085515359572e+01
-9.519050688584978559e+01
-9.600103135172317081e+01
-9.679143858209047835e+01
-9.756174829326555198e+01
-9.831198548551635952e+01
-9.904218034090750677e+01
-9.975236812202730619e+01
-1.004425890715954210e+02
-1.011128883129479163e+02
-1.017633157513972861e+02
-1.023939259764635779e+02
-1.030047781649736578e+02
-1.035959359850258465e+02
-1.041674675008164712e+02
-1.047194450783251511e+02
-1.052519452918563729e+02
-1.057650488314330346e+02
-1.062588404110397846e+02
-1.067334086777132569e+02
-1.071888461214747110e+02
-1.076252489861033155e+02
-1.080427171807466209e+02
-1.084413541923649120e+02
-1.088212669990055304e+02
-1.091825659839061160e+02
-1.095253648504216812e+02
-1.098497805377732419e+02
-1.101559331376146815e+02
-1.104439458114149772e+02
-1.107139447086521216e+02
-1.109660588858168921e+02
-1.112004202262211976e+02
-1.114171633606098624e+02
-1.116164255885718717e+02
-1.117983468007482770e+02
-1.119630694018330246e+02
-1.121107382343639074e+02
-1.122415005033014950e+02
-1.123555057013907401e+02
-1.124529055353044953e+02
-1.125338538525642633e+02
-1.125985065692354965e+02
-1.126470215983947867e+02
-1.126795587793648679e+02
-1.126962798077151291e+02
-1.126973481660244261e+02
-1.126829290554025818e+02
-1.126531893277676204e+02
-1.126082974188764751e+02
-1.125484232821042667e+02
-1.124737383229711298e+02
-1.123844153344115711e+02
-1.122806284327846811e+02
-1.121625529946209952e+02
-1.120303655941040404e+02
-1.118842439412818663e+02
-1.117243668210071519e+02
-1.115509140326014830e+02
-1.113640663302414140e+02
-1.111640053640628025e+02
-1.109509136219804049e+02
-1.107249743722197763e+02
-1.104863716065579808e+02
-1.102352899842704801e+02
-1.099719147767806646e+02
-1.096964318130090561e+02
-1.094090274254190547e+02
-1.091098883967562756e+02
-1.087992019074778369e+02
-1.084771554838692822e+02
-1.081439369468452156e+02
-1.077997343614310068e+02
-1.074447359869224670e+02
-1.070791302277197730e+02
-1.067031055848335939e+02
-1.063168506080589850e+02
-1.059205538488153167e+02
-1.055144038136477178e+02
-1.050985889183882307e+02
-1.046732974429725260e+02
-1.042387174869095503e+02
-1.037950369254008649e+02
-1.033424433661069486e+02
-1.028811241065563280e+02
-1.024112660921955182e+02
-1.019330558750761782e+02
-1.014466795731761977e+02
-1.009523228303519318e+02
-1.004501707769181138e+02
-9.994040799085270521e+01
-9.942321845962334237e+01
-9.889878554263214028e+01
-9.836729193427611051e+01
-9.782891962761956961e+01
-9.728384987867579525e+01
-9.673226317129483220e+01
-9.617433918265413695e+01
-9.561025674934853669e+01
-9.504019383407775479e+01
-9.446432749292665676e+01
-9.388283384323599989e+01
-9.329588803206101488e+01
-9.270366420521372675e+01
-9.210633547688584599e+01
-9.150407389985090845e+01
-9.089705043623973779e+01
-9.028543492888853450e+01
-8.966939607325507211e+01
-8.904910138990075552e+01
-8.842471719753423542e+01
-8.779640858661505831e+01
-8.716433939351280458e+01
-8.652867217521939835e+01
-8.588956818461120690e+01
-8.524718734625770367e+01
-8.460168823277406602e+01
-8.395322804171364339e+01
-8.330196257299834883e+01
-8.264804620688295245e+01
-8.199163188245040601e+01
-8.133287107663544191e+01
-8.067191378377246735e+01
-8.000890849566593488e+01
-7.934400218217862744e+01
-7.867734027233569805e+01
-7.800906663594125234e+01
-7.733932356570375077e+01
-7.666825175986794250e+01
-7.599599030534926669e+01
-7.532267666136887385e+01
-7.464844664358471960e+01
-7.397343440871640041e+01
-7.329777243966087497e+01
-7.262159153109521981e+01
-7.194502077556352049e+01
-7.126818755004546802e+01
-7.059121750300238318e+01
-6.991423454189819608e+01
-6.923736082119275181e+01
-6.856071673080312223e+01
-6.788442088503052219e+01
-6.720859011195021537e+01
-6.653333944325994764e+01
-6.585878210458491822e+01
-6.518502950623589243e+01
-6.451219123441700276e+01
-6.384037504288021836e+01
-6.316968684502406006e+01
-6.250023070643222667e+01
-6.183210883785009315e+01
-6.116542158859505207e+01
-6.050026744039865889e+01
-5.983674300167641746e+01
-5.917494300222233505e+01
-5.851496028832596608e+01
-5.785688581830751076e+01
-5.720080865846859552e+01
-5.654681597945593552e+01
-5.589499305303389320e+01
-5.524542324926318315e+01
-5.459818803408314380e+01
-5.395336696729361137e+01
-5.331103770093348260e+01
-5.267127597805352934e+01
-5.203415563187942183e+01
-5.139974858536209013e+01
-5.076812485111302919e+01
-5.013935253172017781e+01
-4.951349782044243142e+01
-4.889062500227860397e+01
-4.827079645540892727e+01
-4.765407265300477491e+01
-4.704051216540398883e+01
-4.643017166264925777e+01
-4.582310591738528416e+01
-4.521936780811231671e+01
-4.461900832279322771e+01
-4.402207656281014891e+01
-4.342861974726801577e+01
-4.283868321764232689e+01
-4.225231044276706882e+01
-4.166954302416022671e+01
-4.109042070168410987e+01
-4.051498135953649893e+01
-3.994326103256998550e+01
-3.937529391293676184e+01
-3.881111235705487417e+01
-3.825074689289353103e+01
-3.769422622757378605e+01
-3.714157725528227161e+01
-3.659282506549396885e+01
-3.604799295150118610e+01
-3.550710241924619481e+01
-3.497017319645357958e+01
-3.443722324205940311e+01
-3.390826875593464962e+01
-3.338332418889903153e+01
-3.286240225302225326e+01
-3.234551393221016724e+01
-3.183266849307191038e+01
-3.132387349606521809e+01
-3.081913480691716600e+01
-3.031845660831659117e+01
-2.982184141187524773e+01
-2.932929007035514246e+01
-2.884080179015802159e+01
-2.835637414407455736e+01
-2.787600308428971019e+01
-2.739968295564165857e+01
-2.692740650913050615e+01
-2.645916491567399120e+01
-2.599494778010741669e+01
-2.553474315542392148e+01
-2.507853755725247780e+01
-2.462631597857060228e+01
-2.417806190464822436e+01
-2.373375732821975959e+01
-2.329338276488162407e+01
-2.285691726871148433e+01
-2.242433844810637211e+01
-2.199562248183690372e+01
-2.157074413531380586e+01
-2.114967677706397708e+01
-2.073239239541328516e+01
-2.031886161537227409e+01
-1.990905371572225491e+01
-1.950293664629819546e+01
-1.910047704546592939e+01
-1.870164025778978001e+01
-1.830639035188791652e+01
-1.791469013847251190e+01
-1.752650118857108907e+01
-1.714178385192609255e+01
-1.676049727557002811e+01
-1.638259942257228374e+01
-1.600804709095497813e+01
-1.563679593277482738e+01
-1.526880047336749158e+01
-1.490401413075147019e+01
-1.454238923518872184e+01
-1.418387704889833145e+01
-1.382842778592042343e+01
-1.347599063212739345e+01
-1.312651376537883685e+01
-1.277994437581736875e+01
-1.243622868630234457e+01
-1.209531197297797434e+01
-1.175713858597301886e+01
-1.142165197022872292e+01
-1.108879468645221777e+01
-1.075850843219180497e+01
-1.043073406303124706e+01
-1.010541161390012554e+01
-9.782480320496730997e+00
-9.461878640820586384e+00
-9.143544276811669036e+00
-8.827414196092824739e+00
-8.513424653812386111e+00
-8.201511214584218834e+00
-7.891608774521482239e+00
-7.583651583361340265e+00
-7.277573266677636710e+00
-6.973306848177996287e+00
-6.670784772082457792e+00
-6.369938925580731492e+00
-6.070700661364484496e+00
-5.773000820231938945e+00
-5.476769753761359105e+00
-5.181937347050705078e+00
-4.888433041519840927e+00
-4.596185857772439043e+00
-4.305124418514632012e+00
-4.015176971526888572e+00
-3.726271412686187112e+00
-3.438335309035589482e+00
-3.151295921897662833e+00
-2.865080230028847375e+00
-2.579614952811841722e+00
-2.294826573482480647e+00
-2.010641362388188469e+00
-1.726985400275090177e+00
-1.443784601600240469e+00
-1.160964737866069907e+00
-8.784514609741166380e-01
-5.961703265944956476e-01
-3.140468175483467350e-01
-3.200636719986762330e-02
2.500256171448305698e-01
5.321237308355932782e-01
8.143625484757381905e-01
1.096816600522136920e+00
1.379560349891387538e+00
1.662668168574999772e+00
1.946214314266510481e+00
2.230272907004057892e+00
2.514917905831332678e+00
2.800223085479824459e+00
3.086262013075895538e+00
3.373108024875596911e+00
3.660834203030142842e+00
3.949513352385580767e+00
4.239217977319571062e+00
4.530020258618182361e+00
4.821992030396287099e+00
5.115204757064279129e+00
5.409729510344530645e+00
5.705636946340336912e+00
6.002997282660913037e+00
6.301880275605356907e+00
6.602355197408472876e+00
6.904490813552023987e+00
7.208355360144318880e+00
7.514016521371017276e+00
7.821541407020745851e+00
8.130996530088379970e+00
8.442447784458959603e+00
8.755960422675729049e+00
9.071599033795267886e+00
9.389427521332548210e+00
9.709509081299547262e+00
1.003190618034028070e+01
1.035668053396515553e+01
1.068389308488820610e+01
1.101360398147015118e+01
1.134587255627011260e+01
1.168075730470963514e+01
1.201831586385170247e+01
1.235860499129821477e+01
1.270168054420856052e+01
1.304759745844299523e+01
1.339640972783364070e+01
1.374817038358601451e+01
1.410293147381469581e+01
1.446074404321600682e+01
1.482165811288056823e+01
1.518572266024937356e+01
1.555298559921623536e+01
1.592349376037946307e+01
1.629729287144645511e+01
1.667442753779398501e+01
1.705494122318714645e+01
1.743887623066050097e+01
1.782627368356435937e+01
1.821717350677902303e+01
1.861161440810068513e+01
1.900963385980159259e+01
1.941126808036806040e+01
1.981655201641880382e+01
2.022551932480746117e+01
2.063820235491203903e+01
2.105463213111421084e+01
2.147483833547204668e+01
2.189884929058908014e+01
2.232669194268260071e+01
2.275839184485473865e+01
2.319397314056926263e+01
2.363345854733692875e+01
2.407686934061302253e+01
2.452422533790999637e+01
2.497554488312797005e+01
2.543084483110683180e+01
2.589014053240281044e+01
2.635344581829222577e+01
2.682077298600627202e+01
2.729213278419943123e+01
2.776753439865496986e+01
2.824698543823009800e+01
2.873049192104465988e+01
2.921805826091607372e+01
2.970968725404334876e+01
3.020538006594396663e+01
3.070513621864638409e+01
3.120895357814101345e+01
3.171682834209337898e+01
3.222875502782232360e+01
3.274472646054599778e+01
3.326473376189942854e+01
3.378876633872648938e+01
3.431681187214900319e+01
3.484885630691688618e+01
3.538488384104187645e+01
3.592487691571795239e+01
3.646881620553203618e+01
3.701668060896759016e+01
3.756844723920465867e+01
3.812409141521892764e+01
3.868358665318354639e+01
3.924690465817662499e+01
3.981401531619695788e+01
4.038488668649214475e+01
4.095948499420149602e+01
4.153777462331674286e+01
4.211971810996431742e+01
4.270527613601198169e+01
4.329440752300244810e+01
4.388706922641802066e+01
4.448321633027898514e+01
4.508280204207826358e+01
4.568577768805656802e+01
4.629209270882052607e+01
4.690169465530661341e+01
4.751452918509478707e+01
4.813054005907439858e+01
4.874966913846582628e+01
4.937185638220029205e+01
4.999703984466199813e+01
5.062515567379512760e+01
5.125613810957840144e+01
5.188991948287129929e+01
5.252643021463452300e+01
5.316559881552744571e+01
5.380735188588651852e+01
5.445161411608727775e+01
5.509830828729278807e+01
5.574735527259228007e+01
5.639867403853290284e+01
5.705218164704714923e+01
5.770779325777994018e+01
5.836542213081811070e+01
5.902497962982496915e+01
5.968637522558386621e+01
6.034951649995362999e+01
6.101430915023826174e+01
6.168065699397522650e+01
6.234846197414452007e+01
6.301762416480224971e+01
6.368804177714111603e+01
6.435961116598177512e+01
6.503222683669781645e+01
6.570578145257699987e+01
6.638016584262281583e+01
6.705526900979899096e+01
6.773097813971953940e+01
6.840717860978870135e+01
6.908375399879294321e+01
6.976058609694813128e+01
7.043755491640568778e+01
7.111453870222037210e+01
7.179141394378261509e+01
7.246805538671893032e+01
7.314433604526374211e+01
7.382012721510476183e+01
7.449529848670603371e+01
7.516971775911140696e+01
7.584325125423171698e+01
7.651576353161796362e+01
7.718711750372507652e+01
7.785717445166837081e+01
7.852579404147553532e+01
7.919283434083847339e+01
7.985815183636712788e+01
8.052160145134857316e+01
8.118303656401478463e+01
8.184230902632226901e+01
8.249926918324585756e+01
8.315376589259101081e+01
8.380564654532693680e+01
8.445475708644359258e+01
8.510094203633616416e+01
8.574404451272026506e+01
8.638390625307971504e+01
8.702036763765195815e+01
8.765326771295239894e+01
8.828244421584247448e+01
8.890773359814264154e+01
8.952897105179532389e+01
9.014599053458000810e+01
9.075862479638311697e+01
9.136670540602683843e+01
9.197006277865976642e+01
9.256852620371154217e+01
9.316192387341581593e+01
9.375008291190444254e+01
9.433282940487498536e+01
9.490998842983607631e+01
9.548138408693291979e+01
9.604683953035605271e+01
9.660617700033704125e+01
9.715921785573354441e+01
9.770578260720718333e+01
9.824569095099811022e+01
9.877876180329722899e+01
9.930481333522175191e+01
9.982366300839585449e+01
1.003351276111393275e+02
1.008390232952680776e+02
1.013351656135096874e+02
1.018233695575357132e+02
1.023034495966159341e+02
1.027752197168962311e+02
1.032384934613035341e+02
1.036930839700811475e+02
1.041388040219575117e+02
1.045754660759516810e+02
1.050028823138178069e+02
1.054208646831331180e+02
1.058292249410312991e+02
1.062277746985853213e+02
1.066163254658417969e+02
1.069946886975114069e+02
1.073626758393167080e+02
1.077200983750024363e+02
1.080667678740097415e+02
1.084024960398183879e+02
1.087270947589599075e+02
1.090403761507048301e+02
1.093421526174264358e+02
1.096322368956454767e+02
1.099104421077580014e+02
1.101765818144492783e+02
1.104304700677979270e+02
1.106719214650723018e+02
1.109007512032230949e+02
1.111167751340742740e+02
1.113198098202171167e+02
1.115096725916082647e+02
1.116861816028772267e+02
1.118491558913444237e+02
1.119984154357545947e+02
1.121337812157268274e+02
1.122550752719270406e+02
1.123621207669625051e+02
1.124547420470050696e+02
1.125327647041432613e+02
1.125960156394689591e+02
1.126443231268993799e+02
1.126775168777389808e+02
1.126954281059845329e+02
1.126978895943751979e+02
1.126847357611923144e+02
1.126558027278100980e+02
1.126109283870029714e+02
1.125499524720100339e+02
1.124727166263611906e+02
1.123790644744682936e+02
1.122688416929831305e+02
1.121418960829270048e+02
1.119980776425934863e+02
1.118372386412287369e+02
1.116592336934916432e+02
1.114639198346972648e+02
1.112511565968466698e+02
1.110208060854464662e+02
1.107727330571207887e+02
1.105068049980185094e+02
1.102228922030203933e+02
1.099208678557477583e+02
1.096006081093757132e+02
1.092619921682552899e+02
1.089049023703466190e+02
1.085292242704668979e+02
1.081348467243556399e+02
1.077216619735606571e+02
1.072895657311481443e+02
1.068384572682394094e+02
1.063682395013778148e+02
1.058788190807290306e+02
1.053701064791175668e+02
1.048420160819026847e+02
1.042944662776969267e+02
1.037273795499302338e+02
1.031406825692631344e+02
1.025343062868517023e+02
1.019081860284675258e+02
1.012622615894759122e+02
1.005964773306754125e+02
9.991078227500224784e+01
9.920513020510080082e+01
9.847947976176683937e+01
9.773379454326271798e+01
9.696804320551089518e+01
9.618219956316615082e+01
9.537624269157264223e+01
9.455015702960507440e+01
9.370393248340154457e+01
9.283756453098682471e+01
9.195105432779351418e+01
9.104440881307945688e+01
9.011764081724929554e+01
8.917076917007960901e+01
8.820381880985307532e+01
8.721682089340251309e+01
8.620981290707146627e+01
8.518283877859049369e+01
8.413594898987452098e+01
8.306920069074450907e+01
8.198265781357542892e+01
8.087639118887352652e+01
7.975047866178920231e+01
7.860500520956318837e+01
7.744006305991368322e+01
7.625575181036566619e+01
7.505217854852571691e+01
7.382945797330603455e+01
7.258771251709848116e+01
7.132707246890700503e+01
7.004767609843463561e+01
6.874966978113388905e+01
6.743320812422018662e+01
6.609845409365428281e+01
6.474557914209265164e+01
6.337476333781543758e+01
6.198619549462756595e+01
6.058007330274097058e+01
5.915660346064169062e+01
5.771600180794004586e+01
5.625849345921227496e+01
5.478431293883426179e+01
5.329370431681067544e+01
5.178692134560179738e+01
5.026422759795374873e+01
4.872589660573311221e+01
4.717221199976901858e+01
4.560346765070559627e+01
4.401996781087240151e+01
4.242202725716754230e+01
4.080997143496438184e+01
3.918413660304122459e+01
3.754486997953739547e+01
3.589252988893775864e+01
3.422748591009474239e+01
3.255011902528156043e+01
3.086082177028731621e+01
2.915999838555427459e+01
2.744806496835980170e+01
2.572544962604672492e+01
2.399259263030774036e+01
2.224994657252204888e+01
2.049797652015081439e+01
1.873716017419491209e+01
1.696798802771411374e+01
1.519096352541816941e+01
1.340660322432182738e+01
1.161543695548101596e+01
9.818007986799727860e+00
8.014873186919885484e+00
6.206603190192367947e+00
4.393782562736532782e+00
2.577009969585390081e+00
7.568983429271725072e-01
-1.065924948560791563e+00
-2.890817929278114207e+00
-4.717123845166895535e+00
-6.544170991069165666e+00
-8.371272536983269674e+00
-1.019772635319958454e+01
-1.202281483433193898e+01
-1.384580472222256731e+01
-1.566594692773537645e+01
-1.748247635141854062e+01
-1.929461170304375628e+01
-2.110155532001670053e+01
-2.290249298465050742e+01
-2.469659374030925392e+01
-2.648300970640445939e+01
-2.826087589225789998e+01
-3.002931000981152465e+01
-3.178741228519515971e+01
-3.353426526913563066e+01
-3.526893364621980709e+01
-3.699046404298940161e+01
-3.869788483488571273e+01
-4.039020595202089225e+01
-4.206641868378858362e+01
-4.372549548229881111e+01
-4.536638976464394091e+01
-4.698803571398696022e+01
-4.858934807946582168e+01
-5.016922197492124269e+01
-5.172653267643420349e+01
-5.326013541867678214e+01
-5.476886519006870913e+01
-5.625153652673907345e+01
-5.770694330529067884e+01
-5.913385853436273010e+01
-6.053103414498684742e+01
-6.189720077973788648e+01
-6.323106758067115152e+01
-6.453132197604736575e+01
-6.579662946584039673e+01
-6.702563340602353037e+01
-6.821695479163372511e+01
-6.936919203860736616e+01
-7.048092076438820186e+01
-7.155069356730177788e+01
-7.257703980469295857e+01
-7.355846536982699035e+01
-7.449345246754455729e+01
-7.538045938867526274e+01
-7.621792028320101053e+01
-7.700424493216701194e+01
-7.773781851833882683e+01
-7.841700139560430216e+01
-7.904012885710790215e+01
-7.960551090212925374e+01
-8.011143200168771727e+01
-8.055615086288094062e+01
-8.093790019194807428e+01
-8.125488645605605598e+01
-8.150528964380850994e+01
-8.168726302446975751e+01
-8.179893290590257493e+01
-8.183839839122151716e+01
-8.180373113414430009e+01
-8.169297509306056781e+01
-8.150414628379326132e+01
-8.123523253106031916e+01
-8.088419321863329969e+01
-8.044895903818769511e+01
-7.992743173684334579e+01
-7.931748386338722412e+01
-7.861695851318290806e+01
-7.782366907175969573e+01
-7.693539895707522192e+01
-7.594990136045407780e+01
-7.486489898619788619e+01
-7.367808378985841955e+01
-7.238711671517967261e+01
-7.098962742969820283e+01
-6.948321405900264836e+01
-6.786544291964492004e+01
-6.613384825070943407e+01
-6.428593194402333211e+01
-6.231916327302042191e+01
-6.023097862023496418e+01
-5.801878120345349998e+01
-5.567994080048083561e+01
-5.321179347255451830e+01
-5.061164128639006776e+01
-4.787675203483559017e+01
-4.500435895617101778e+01
-4.199166045201627639e+01
-3.883581980385679344e+01
-3.553396488818589205e+01
-3.208318789025861406e+01
-2.848054501645538039e+01
-2.472305620524184633e+01
-2.080770483674177740e+01
-1.673143744089929896e+01
-1.249116340424188820e+01
-8.083754675235923060e+00
-3.506045468226602679e+00
1.245168034028665716e+00
6.173127979252512887e+00
1.128111514595184417e+01
1.657244924515362072e+01
2.205048922355490504e+01
2.771863356811809354e+01
3.358032061208587038e+01
3.963902884243361768e+01
4.589827720877383399e+01
5.236162543368072875e+01
5.903267432448228647e+01
6.591506608648160181e+01
7.301248463763931795e+01
8.032865592471307536e+01
8.786734824084851425e+01
9.563237254462865167e+01
1.036275827806007328e+02
1.118568762012523621e+02
1.203241936904696558e+02
