-4.553490588415115781e+01
-4.766889938861004339e+01
-4.968382346855332798e+01
-5.158226343053092933e+01
-5.336677311153607661e+01
-5.503987511079412798e+01
-5.660406102060733247e+01
-5.806179165618323168e+01
-5.941549728450581824e+01
-6.066757785221443555e+01
-6.182040321251088244e+01
-6.287631335108335406e+01
-6.383761861106268043e+01
-6.470659991700586033e+01
-6.548550899790006952e+01
-6.617656860922443229e+01
-6.678197275400589206e+01
-6.730388690293784748e+01
-6.774444821354290980e+01
-6.810576574834567509e+01
-6.838992069210689806e+01
-6.859896656809905835e+01
-6.873492945342468374e+01
-6.879980819337697540e+01
-6.879557461485592285e+01
-6.872417373882944958e+01
-6.858752399185095783e+01
-6.838751741662872519e+01
-6.812601988165306466e+01
-6.780487128987851975e+01
-6.742588578647200848e+01
-6.699085196561691191e+01
-6.650153307638038314e+01
-6.595966722765069790e+01
-6.536696759214737540e+01
-6.472512260947905816e+01
-6.403579618829689935e+01
-6.330062790750980639e+01
-6.252123321657791166e+01
-6.169920363487608483e+01
-6.083610695014340308e+01
-5.993348741601221263e+01
-5.899286594862496713e+01
-5.801574032231337696e+01
-5.700358536439716772e+01
-5.595785314904287588e+01
-5.487997319022997544e+01
-5.377135263379932439e+01
-5.263337644859802822e+01
-5.146740761672799636e+01
-5.027478732287613639e+01
-4.905683514275870039e+01
-4.781484923066068404e+01
-4.655010650608119249e+01
-4.526386283947795164e+01
-4.395735323712756326e+01
-4.263179202508808885e+01
-4.128837303227714983e+01
-3.992826977265735877e+01
-3.855263562654272391e+01
-3.716260402102170701e+01
-3.575928860948397414e+01
-3.434378345029358570e+01
-3.291716318455769397e+01
-3.148048321304190722e+01
-3.003477987219162060e+01
-2.858107060929864929e+01
-2.712035415678724348e+01
-2.565361070563267276e+01
-2.418180207791670000e+01
-2.270587189851516996e+01
-2.122674576592999074e+01
-1.974533142224549920e+01
-1.826251892224763651e+01
-1.677918080166000436e+01
-1.529617224455023461e+01
-1.381433124986551775e+01
-1.233447879712343820e+01
-1.085741901125334152e+01
-9.383939326589143093e+00
-7.914810650017443550e+00
-6.450787523277995206e+00
-4.992608284431298671e+00
-3.540995228472411327e+00
-2.096654767121890472e+00
-6.602775877663589199e-01
7.674611884240221116e-01
2.185901849218680582e+00
3.594399934871489677e+00
4.992326082508043328e+00
6.379065871326247361e+00
7.754019668623868711e+00
9.116602476661910259e+00
1.046624378033266112e+01
1.180238739565515971e+01
1.312449131908692834e+01
1.443202757765357092e+01
1.572448207988634294e+01
1.700135446757815316e+01
1.826215796834071625e+01
1.950641924898081925e+01
2.073367826967512428e+01
2.194348813894703198e+01
2.313541496945504150e+01
2.430903773457248462e+01
2.546394812577159428e+01
2.659975041079849234e+01
2.771606129265205709e+01
2.881250976934427399e+01
2.988873699446060073e+01
3.094439613850636306e+01
3.197915225103838566e+01
3.299268212358413166e+01
3.398467415334403086e+01
3.495482820767699650e+01
3.590285548935923998e+01
3.682847840262911632e+01
3.773143042000299374e+01
3.861145594986680862e+01
3.946831020483750763e+01
4.030175907089551401e+01
4.111157897728969601e+01
4.189755676720380961e+01
4.265948956918623480e+01
4.339718466935028118e+01
4.411045938432539515e+01
4.479914093497518479e+01
4.546306632086805166e+01
4.610208219550315789e+01
4.671604474229366133e+01
4.730481955129380367e+01
4.786828149668349397e+01
4.840631461499708621e+01
4.891881198409487297e+01
4.940567560288150162e+01
4.986681627176915299e+01
5.030215347387337488e+01
5.071161525695345063e+01
5.109513811608661626e+01
5.145266687707697884e+01
5.178415458059430421e+01
5.208956236704875664e+01
5.236885936218891402e+01
5.262202256343073259e+01
5.284903672690967369e+01
5.304989425525269553e+01
5.322459508608028500e+01
5.337314658121619004e+01
5.349556341662429304e+01
5.359186747305454901e+01
5.366208772740685617e+01
5.370626014480461663e+01
5.372442757137508806e+01
5.371663962774647416e+01
5.368295260324072160e+01
5.362342935077600714e+01
5.353813918247311676e+01
5.342715776595775878e+01
5.329056702136352897e+01
5.312845501903041168e+01
5.294091587790205722e+01
5.272804966460944343e+01
5.248996229325086915e+01
5.222676542585679726e+01
5.193857637354818735e+01
5.162551799837012823e+01
5.128771861581992653e+01
5.092531189804822134e+01
5.053843677774483467e+01
5.012723735269833014e+01
4.969186279103678316e+01
4.923246723713612027e+01
4.874920971820586146e+01
4.824225405154132318e+01
4.771176875244819371e+01
4.715792694282706066e+01
4.658090626043110660e+01
4.598088876877773146e+01
4.535806086772757340e+01
4.471261320471887757e+01
4.404474058665979896e+01
4.335464189247554145e+01
4.264251998630970775e+01
4.190858163137536962e+01
4.115303740445617109e+01
4.037610161105624229e+01
3.957799220119437678e+01
3.875893068584122148e+01
3.791914205400055948e+01
3.705885469042959812e+01
3.617830029399618752e+01
3.527771379667390761e+01
3.435733328317104451e+01
3.341739991119106890e+01
3.245815783232566787e+01
3.147985411357373664e+01
3.048273865948956995e+01
2.946706413495459742e+01
2.843308588857365748e+01
2.738106187668859093e+01
2.631125258801654354e+01
2.522392096890160929e+01
2.411933234918302560e+01
2.299775436867707867e+01
2.185945690427047339e+01
2.070471199762502579e+01
1.953379378348695639e+01
1.834697841860483436e+01
1.714454401125247784e+01
1.592677055134936381e+01
1.469393984118904939e+01
1.344633542675720150e+01
1.218424252965337473e+01
1.090794797960454332e+01
9.617740147570600584e+00
8.313908879442834632e+00
6.996745430329895044e+00
5.666542399431889976e+00
4.323593665499160466e+00
2.968194322874126101e+00
1.600640618116344172e+00
2.212298872048847898e-01
-1.169739506681011676e+00
-2.571968234803151176e+00
-3.985156063935505699e+00
-5.409001916860077586e+00
-6.843203932293690173e+00
-8.287459524247708487e+00
-9.741465440819297328e+00
-1.120491782241951739e+01
-1.267751225943769100e+01
-1.415894384934813388e+01
-1.564890725325209075e+01
-1.714709675186996662e+01
-1.865320630097168930e+01
-2.016692958625992560e+01
-2.168796007769662282e+01
-2.321599108328455685e+01
-2.475071580229844415e+01
-2.629182737797173530e+01
-2.783901894963953794e+01
-2.939198370433921070e+01
-3.095041492787186854e+01
-3.251400605532391097e+01
-3.408245072105579254e+01
-3.565544280815259981e+01
-3.723267649734480500e+01
-3.881384631539753371e+01
-4.039864718297120305e+01
-4.198677446195573282e+01
-4.357792400228005647e+01
-4.517179218819684650e+01
-4.676807598404950284e+01
-4.836647297951667213e+01
-4.996668143434180820e+01
-5.156840032254459061e+01
-5.317132937612249322e+01
-5.477516912823762141e+01
-5.637962095589471545e+01
-5.798438712211184054e+01
-5.958917081758455225e+01
-6.119367620184593903e+01
-6.279760844392421859e+01
-6.440067376250132725e+01
-6.600257946557090349e+01
-6.760303398960124355e+01
-6.920174693820391099e+01
-7.079842912030751734e+01
-7.239279258784308979e+01
-7.398455067293880916e+01
-7.557341802462781288e+01
-7.715911064507174899e+01
-7.874134592529955512e+01
-8.031984268046588227e+01
-8.189432118462967480e+01
-8.346450320505408627e+01
-8.503011203603284685e+01
-8.659087253223985670e+01
-8.814651114160923839e+01
-8.969675593774370270e+01
-9.124133665185561881e+01
-9.277998470424023481e+01
-9.431243323528713063e+01
-9.583841713602612344e+01
-9.735767307821370764e+01
-9.886993954396193374e+01
-1.003749568549077367e+02
-1.018724672009295773e+02
-1.033622146684098482e+02
-1.048439452680456867e+02
-1.063174069622112512e+02
-1.077823496918724970e+02
-1.092385254030550783e+02
-1.106856880728701213e+02
-1.121235937350973160e+02
-1.135520005053283228e+02
-1.149706686056718752e+02
-1.163793603890226649e+02
-1.177778403628970096e+02
-1.191658752128339955e+02
-1.205432338253684179e+02
-1.219096873105738297e+02
-1.232650090241787666e+02
-1.246089745892585370e+02
-1.259413619175045653e+02
-1.272619512300713183e+02
-1.285705250780048914e+02
-1.298668683622551043e+02
-1.311507683532698536e+02
-1.324220147101783596e+02
-1.336803994995620997e+02
-1.349257172138145506e+02
-1.361577647890950686e+02
-1.373763416228755432e+02
-1.385812495910841164e+02
-1.397722930648446322e+02
-1.409492789268182378e+02
-1.421120165871451775e+02
-1.432603179989898763e+02
-1.443939976736919846e+02
-1.455128726955248624e+02
-1.466167627360622419e+02
-1.477054900681567062e+02
-1.487788795795307806e+02
-1.498367587859829086e+02
-1.508789578442099355e+02
-1.519053095642483697e+02
-1.529156494215357611e+02
-1.539098155685949507e+02
-1.548876488463419037e+02
-1.558489927950202514e+02
-1.567936936647633104e+02
-1.577216004257863347e+02
-1.586325647782107069e+02
-1.595264411615209212e+02
-1.604030867636582229e+02
-1.612623615297511037e+02
-1.621041281704846995e+02
-1.629282521701125290e+02
-1.637346017941104606e+02
-1.645230480964756339e+02
-1.652934649266726694e+02
-1.660457289362286701e+02
-1.667797195849783236e+02
-1.674953191469619469e+02
-1.681924127159780937e+02
-1.688708882107920886e+02
-1.695306363800027043e+02
-1.701715508065697122e+02
-1.707935279120022756e+02
-1.713964669602119102e+02
-1.719802700610310353e+02
-1.725448421733991609e+02
-1.730900911082188429e+02
-1.736159275308819474e+02
-1.741222649634710535e+02
-1.746090197866344056e+02
-1.750761112411384772e+02
-1.755234614290999104e+02
-1.759509953148977957e+02
-1.763586407257686517e+02
-1.767463283520864650e+02
-1.771139917473286118e+02
-1.774615673277309611e+02
-1.777889943716323842e+02
-1.780962150185119413e+02
-1.783831742677203351e+02
-1.786498199769065991e+02
-1.788961028601432588e+02
-1.791219764857507926e+02
-1.793273972738239195e+02
-1.795123244934615343e+02
-1.796767202597013124e+02
-1.798205495301623671e+02
-1.799437801013968965e+02
-1.800463826049523561e+02
-1.801283305031471684e+02
-1.801896000845609080e+02
-1.802301704592412079e+02
-1.802500235536295179e+02
-1.802491441052068240e+02
-1.802275196568623414e+02
-1.801851405509858921e+02
-1.801219999232869213e+02
-1.800380936963410647e+02
-1.799334205728669360e+02
-1.798079820287346422e+02
-1.796617823057080727e+02
-1.794948284039222983e+02
-1.793071300740990637e+02
-1.790986998095014258e+02
-1.788695528376292145e+02
-1.786197071116582151e+02
-1.783491833016239241e+02
-1.780580047853525798e+02
-1.777461976391402914e+02
-1.774137906281837900e+02
-1.770608151967630874e+02
-1.766873054581784572e+02
-1.762932981844445237e+02
-1.758788327957416016e+02
-1.754439513496278380e+02
-1.749886985300131812e+02
-1.745131216358969937e+02
-1.740172705698715276e+02
-1.735011978263934793e+02
-1.729649584798244746e+02
-1.724086101722432431e+02
-1.718322131010311011e+02
-1.712358300062327032e+02
-1.706195261576940538e+02
-1.699833693419786869e+02
-1.693274298490658225e+02
-1.686517804588305580e+02
-1.679564964273087639e+02
-1.672416554727489029e+02
-1.665073377614517085e+02
-1.657536258934005673e+02
-1.649806048876840237e+02
-1.641883621677122278e+02
-1.633769875462293442e+02
-1.625465732101240519e+02
-1.616972137050395872e+02
-1.608290059197851178e+02
-1.599420490705515192e+02
-1.590364446849316096e+02
-1.581122965857481120e+02
-1.571697108746905656e+02
-1.562087959157638295e+02
-1.552296623185489182e+02
-1.542324229212788111e+02
-1.532171927737312274e+02
-1.521840891199401256e+02
-1.511332313807266985e+02
-1.500647411360544368e+02
-1.489787421072068696e+02
-1.478753601387921606e+02
-1.467547231805762067e+02
-1.456169612691446105e+02
-1.444622065093971912e+02
-1.432905930558762861e+02
-1.421022570939302625e+02
-1.408973368207143437e+02
-1.396759724260317057e+02
-1.384383060730148713e+02
-1.371844818786507574e+02
-1.359146458941502829e+02
-1.346289460851657509e+02
-1.333275323118564017e+02
-1.320105563088042118e+02
-1.306781716647836049e+02
-1.293305338023845081e+02
-1.279677999574918914e+02
-1.265901291586242365e+02
-1.251976822061314749e+02
-1.237906216512547672e+02
-1.223691117750512660e+02
-1.209333185671835338e+02
-1.194834097045768431e+02
-1.180195545299468733e+02
-1.165419240301979471e+02
-1.150506908146944482e+02
-1.135460290934088761e+02
-1.120281146549453979e+02
-1.104971248444433058e+02
-1.089532385413608040e+02
-1.073966361371424796e+02
-1.058274995127706006e+02
-1.042460120162027550e+02
-1.026523584396992419e+02
-1.010467249970394761e+02
-9.942929930063070287e+01
-9.780027033851200713e+01
-9.615982845125306255e+01
-9.450816530875074761e+01
-9.284547388692682546e+01
-9.117194844432590628e+01
-8.948778449861707429e+01
-8.779317880300212096e+01
-8.608832932252983028e+01
-8.437343521031957039e+01
-8.264869678369700523e+01
-8.091431550024177000e+01
-7.917049393374981037e+01
-7.741743575011383882e+01
-7.565534568312102692e+01
-7.388442951017194105e+01
-7.210489402792124736e+01
-7.031694702784385242e+01
-6.852079727172629475e+01
-6.671665446708583147e+01
-6.490472924252109976e+01
-6.308523312299305275e+01
-6.125837850503987880e+01
-5.942437863192866132e+01
-5.758344756874332404e+01
-5.573580017741191739e+01
-5.388165209167655689e+01
-5.202121969200518947e+01
-5.015472008044837082e+01
-4.828237105544442898e+01
-4.640439108657193401e+01
-4.452099928925310479e+01
-4.263241539941103753e+01
-4.073885974807988930e+01
-3.884055323597247877e+01
-3.693771730800511222e+01
-3.503057392778419654e+01
-3.311934555205339592e+01
-3.120425510510484912e+01
-2.928552595315747098e+01
-2.736338187870167005e+01
-2.543804705481355199e+01
-2.350974601944207976e+01
-2.157870364966815302e+01
-1.964514513593897860e+01
-1.770929595628092201e+01
-1.577138185049003738e+01
-1.383162879430350145e+01
-1.189026297355521145e+01
-9.947510758314727752e+00
-8.003598677012735862e+00
-6.058753390556423035e+00
-4.113201666433592862e+00
-2.167170352810003475e+00
-2.208863526198661942e-01
1.725423402346089707e+00
3.671531977356038645e+00
5.617212460652702077e+00
7.562237989365924840e+00
9.506381775423077940e+00
1.144941713145403028e+01
1.339111749668736628e+01
1.533125646283879817e+01
1.726960779998845652e+01
1.920594548244380562e+01
2.114004371458902654e+01
2.307167695671771313e+01
2.500061995084540101e+01
2.692664774650305404e+01
2.884953572650804432e+01
3.076905963270946032e+01
3.268499559170872715e+01
3.459712014055121188e+01
3.650521025238882089e+01
3.840904336210910230e+01
4.030839739193198312e+01
4.220305077697101837e+01
4.409278249075549638e+01
4.597737207071466514e+01
4.785659964362058361e+01
4.973024595098647183e+01
5.159809237442127028e+01
5.345992096093727497e+01
5.531551444820755137e+01
5.716465628977400826e+01
5.900713068020269958e+01
6.084272258018348367e+01
6.267121774157440228e+01
6.449240273238795851e+01
6.630606496171563435e+01
6.811199270459205479e+01
6.990997512679479087e+01
7.169980230957725098e+01
7.348126527433527144e+01
7.525415600720315012e+01
7.701826748357908059e+01
7.877339369257579449e+01
8.051932966139720804e+01
8.225587147963777568e+01
8.398281632350183656e+01
8.569996247994286875e+01
8.740710937072022091e+01
8.910405757636979729e+01
9.079060886008940656e+01
9.246656619153552015e+01
9.413173377052858370e+01
9.578591705066718021e+01
9.742892276284807451e+01
9.906055893868901308e+01
1.006806349338548614e+02
1.022889614512837824e+02
1.038853505643106416e+02
1.054696157396882512e+02
1.070415718605020601e+02
1.086010352489785049e+02
1.101478236891828004e+02
1.116817564496065955e+02
1.132026543056427954e+02
1.147103395619442523e+02
1.162046360746667659e+02
1.176853692735934658e+02
1.191523661841373922e+02
1.206054554492230011e+02
1.220444673510428970e+02
1.234692338326876353e+02
1.248795885196483084e+02
1.262753667411890319e+02
1.276564055515868432e+02
1.290225437512383451e+02
1.303736219076311613e+02
1.317094823761764815e+02
1.330299693209034615e+02
1.343349287350116583e+02
1.356242084612806309e+02
1.368976582123337380e+02
1.381551295907556778e+02
1.393964761090610978e+02
1.406215532095117737e+02
1.418302182837816758e+02
1.430223306924678752e+02
1.441977517844437671e+02
1.453563449160553205e+02
1.464979754701566037e+02
1.476225108749825949e+02
1.487298206228591937e+02
1.498197762887466240e+02
1.508922515486150928e+02
1.519471221976509128e+02
1.529842661682916116e+02
1.540035635480865039e+02
1.550048965973829809e+02
1.559881497668352495e+02
1.569532097147339869e+02
1.578999653241550050e+02
1.588283077199249362e+02
1.597381302854027183e+02
1.606293286790738080e+02
1.615018008509561867e+02
1.623554470588161394e+02
1.631901698841912207e+02
1.640058742482196692e+02
1.648024674272735979e+02
1.655798590683934890e+02
1.663379612045241629e+02
1.670766882695480717e+02
1.677959571131151506e+02
1.684956870152673218e+02
1.691757997008558903e+02
1.698362193537489020e+02
1.704768726308279270e+02
1.710976886757718205e+02
1.716985991326253043e+02
1.722795381591507464e+02
1.728404424399612651e+02
1.733812511994335921e+02
1.739019062143978260e+02
1.744023518266030521e+02
1.748825349549573787e+02
1.753424051075383261e+02
1.757819143933749331e+02
1.762010175339967191e+02
1.765996718747492480e+02
1.769778373958739621e+02
1.773354767233505811e+02
1.776725551394999911e+02
1.779890405933452371e+02
1.782849037107304184e+02
1.785601178041931689e+02
1.788146588825911181e+02
1.790485056604788952e+02
1.792616395672345959e+02
1.794540447559332961e+02
1.796257081119663610e+02
1.797766192614041927e+02
1.799067705791003675e+02
1.800161571965359428e+02
1.801047770094014027e+02
1.801726306849144805e+02
1.802197216688726371e+02
1.802460561924371518e+02
1.802516432786477765e+02
1.802364947486660469e+02
1.802006252277447800e+02
1.801440521509227892e+02
1.800667957684414091e+02
1.799688791508833390e+02
1.798503281940289753e+02
1.797111716234311416e+02
1.795514409987043791e+02
1.793711707175274341e+02
1.791703980193581458e+02
1.789491629888566422e+02
1.787075085590171852e+02
1.784454805140055385e+02
1.781631274916999814e+02
1.778605009859347774e+02
1.775376553484435647e+02
1.771946477905009658e+02
1.768315383842605399e+02
1.764483900637876275e+02
1.760452686257839900e+02
1.756222427300039328e+02
1.751793838993589816e+02
1.747167665197091537e+02
1.742344678393397999e+02
1.737325679681212591e+02
1.732111498763501345e+02
1.726702993932691754e+02
1.721101052052657110e+02
1.715306588537448533e+02
1.709320547326769599e+02
1.703143900858163704e+02
1.696777650035907357e+02
1.690222824196581257e+02
1.683480481071297277e+02
1.676551706744579917e+02
1.669437615609864451e+02
1.662139350321596964e+02
1.654658081743928904e+02
1.646995008895975161e+02
1.639151358893616646e+02
1.631128386887840520e+02
1.622927375999584285e+02
1.614549637251074330e+02
1.605996509493639905e+02
1.597269359331974101e+02
1.588369581044841539e+02
1.579298596502188161e+02
1.570057855078659372e+02
1.560648833563495828e+02
1.551073036066781299e+02
1.541331993922042614e+02
1.531427265585159887e+02
1.521360436529591027e+02
1.511133119137865890e+02
1.500746952589368277e+02
1.490203602744342106e+02
1.479504762024133981e+02
1.468652149287652549e+02
1.457647509704000015e+02
1.446492614621293740e+02
1.435189261431622185e+02
1.423739273432150867e+02
1.412144499682330263e+02
1.400406814857207678e+02
1.388528119096807245e+02
1.376510337851575798e+02
1.364355421723858228e+02
1.352065346305408298e+02
1.339642112010886592e+02
1.327087743907342201e+02
1.314404291539665337e+02
1.301593828751983040e+02
1.288658453504962438e+02
1.275600287689056955e+02
1.262421476933607494e+02
1.249124190411825737e+02
1.235710620641628452e+02
1.222182983282300057e+02
1.208543516926974348e+02
1.194794482890889498e+02
1.180938164995452269e+02
1.166976869348025048e+02
1.152912924117469089e+02
1.138748679305396081e+02
1.124486506513127608e+02
1.110128798704318740e+02
1.095677969963274734e+02
1.081136455248869765e+02
1.066506710144122678e+02
1.051791210601358273e+02
1.036992452682965933e+02
1.022112952297711104e+02
1.007155244932613982e+02
9.921218853803459581e+01
9.770154474621332952e+01
9.618385237461635029e+01
9.465937252614554609e+01
9.312836812071842019e+01
9.159110386574475626e+01
9.004784622614421608e+01
8.849886339390397438e+01
8.694442525717366266e+01
8.538480336889750788e+01
8.382027091497944582e+01
8.225110268197946084e+01
8.067757502434317018e+01
7.909996583115761837e+01
7.751855449243372220e+01
7.593362186491316379e+01
7.434545023740017200e+01
7.275432329561019174e+01
7.116052608654216272e+01
6.956434498236441755e+01
6.796606764381647281e+01
6.636598298312570421e+01
6.476438112643342038e+01
6.316155337573122353e+01
6.155779217030598716e+01
5.995339104768933680e+01
5.834864460411122167e+01
5.674384845445545267e+01
5.513929919171579996e+01
5.353529434595082392e+01
5.193213234273170542e+01
5.033011246109051484e+01
4.872953479095436080e+01
4.713070019007546563e+01
4.553391024044699265e+01
4.393946720420689189e+01
4.234767397902568575e+01
4.075883405297986428e+01
3.917325145890366400e+01
3.759123072822140443e+01
3.601307684425762545e+01
3.443909519502215488e+01
3.286959152546844365e+01
3.130487188922569430e+01
2.974524259979836671e+01
2.819101018123540570e+01
2.664248131826415289e+01
2.509996280589095363e+01
2.356376149846062873e+01
2.203418425817937987e+01
2.051153790309518854e+01
1.899612915453465689e+01
1.748826458399497596e+01
1.598825055948826446e+01
1.449639319133812876e+01
1.301299827742366233e+01
1.153837124787261814e+01
1.007281710919872353e+01
8.616640387881815855e+00
7.170145073391836377e+00
5.733634560650486378e+00
4.307411591930630834e+00
2.891778198193676985e+00
1.487035639858945046e+00
9.348434700636687467e-02
-1.288576140992432784e+00
-2.658847236410451842e+00
-4.017031364680633487e+00
-5.362832026483076220e+00
-6.695953860409446179e+00
-8.016102706208030781e+00
-9.322985668610058951e+00
-1.061631118173666266e+01
-1.189578907409368469e+01
-1.316113063415045303e+01
-1.441204867650908739e+01
-1.564825760866393978e+01
-1.686947349835159571e+01
-1.807541414149891068e+01
-1.926579913076270145e+01
-2.044034992467214806e+01
-2.159878991736567855e+01
-2.274084450893568032e+01
-2.386624117637194331e+01
-2.497470954511348395e+01
-2.606598146120748538e+01
-2.713979106407560948e+01
-2.819587485989535480e+01
-2.923397179559029269e+01
-3.025382333343858932e+01
-3.125517352629634615e+01
-3.223776909344189789e+01
-3.320135949703836786e+01
-3.414569701922039258e+01
-3.507053683980461756e+01
-3.597563711462757396e+01
-3.686075905450996970e+01
-3.772566700485285196e+01
-3.857012852586524332e+01
-3.939391447342532615e+01
-4.019679908057665330e+01
-4.097856003966489880e+01
-4.173897858511102754e+01
-4.247783957682707978e+01
-4.319493158427565049e+01
-4.389004697117542264e+01
-4.456298198085065110e+01
-4.521353682223335113e+01
-4.584151575651418398e+01
-4.644672718444607540e+01
-4.702898373430369361e+01
-4.758810235050006554e+01
-4.812390438285777350e+01
-4.863621567654533351e+01
-4.912486666267278679e+01
-4.958969244955210343e+01
-5.003053291462350671e+01
-5.044723279705073082e+01
-5.083964179098370550e+01
-5.120761463949639847e+01
-5.155101122919279533e+01
-5.186969668549659218e+01
-5.216354146860732044e+01
-5.243242147014569809e+01
-5.267621811047433766e+01
-5.289481843670472472e+01
-5.308811522138518058e+01
-5.325600706187759670e+01
-5.339839848042555559e+01
-5.351520002490713068e+01
-5.360632837028617814e+01
-5.367170642075330989e+01
-5.371126341256496062e+01
-5.372493501758100365e+01
-5.371266344750142707e+01
-5.367439755880496932e+01
-5.361009295839113520e+01
-5.351971210992888928e+01
-5.340322444091304988e+01
-5.326060645042826991e+01
-5.309184181762424259e+01
-5.289692151090753214e+01
-5.267584389784587984e+01
-5.242861485578680458e+01
-5.215524788320146854e+01
-5.185576421174209827e+01
-5.153019291902990062e+01
-5.117857104215948993e+01
-5.080094369193511739e+01
-5.039736416783262030e+01
-4.996789407369180935e+01
-4.951260343414401177e+01
-4.903157081176777865e+01
-4.852488342498565999e+01
-4.799263726669494190e+01
-4.743493722364132736e+01
-4.685189719653010343e+01
-4.624364022088536785e+01
-4.561029858865106235e+01
-4.495201397053949677e+01
-4.426893753913077489e+01
-4.356123009271959745e+01
-4.282906217992115216e+01
-4.207261422502335790e+01
-4.129207665410331174e+01
-4.048765002189657025e+01
-3.965954513943142956e+01
-3.880798320241967758e+01
-3.793319592041984833e+01
-3.703542564675740323e+01
-3.611492550921718703e+01
-3.517195954151009119e+01
-3.420680281549925894e+01
-3.321974157421323071e+01
-3.221107336562783985e+01
-3.118110717722436220e+01
-3.013016357132687517e+01
-2.905857482123008140e+01
-2.796668504809429123e+01
-2.685485035863905523e+01
-2.572343898361521042e+01
-2.457283141707000595e+01
-2.340342055640132912e+01
-2.221561184320330540e+01
-2.100982340490952538e+01
-1.978648619722514468e+01
-1.854604414736968465e+01
-1.728895429810586393e+01
-1.601568695257822128e+01
-1.472672581995630026e+01
-1.342256816187830282e+01
-1.210372493970771757e+01
-1.077072096259462342e+01
-9.424095036351218369e+00
-8.064400113138617598e+00
-6.692203441972196742e+00
-5.308086720040137152e+00
-3.912646244841880616e+00
-2.506493067148312548e+00
-1.090253144784583128e+00
3.354325027657978353e-01
1.769907638922632032e+00
3.212500653755114399e+00
4.662524406882994299e+00
6.119276069556917719e+00
7.582036965902943848e+00
9.050072413321004205e+00
1.052263156206436179e+01
1.199894723395891560e+01
1.347823576029782089e+01
1.495969681888277591e+01
1.644251327022675468e+01
1.792585099289772188e+01
1.940885871803152440e+01
2.089066786297894396e+01
2.237039236409896148e+01
2.384712850871710543e+01
2.531995476620340924e+01
2.678793161820090063e+01
2.825010138799734705e+01
2.970548806903661898e+01
3.115309715255125411e+01
3.259191545434737236e+01
3.402091094071147381e+01
3.543903255344389436e+01
3.684521003403278883e+01
3.823835374694431266e+01
3.961735450204241715e+01
4.098108337612529795e+01
4.232839153359259399e+01
4.365811004622241853e+01
4.496904971206822665e+01
4.626000087347347289e+01
4.752973323419246299e+01
4.877699567563740857e+01
