-6.820486245707061412e-01
-5.743563168783984985e-01
-5.205101630322446216e-01
-4.128178553399369788e-01
-3.589717014937831019e-01
-3.051255476476292250e-01
-2.243563168783984929e-01
-1.705101630322446160e-01
-8.974093226301391168e-02
-3.589477841686003479e-02
-2.243323995532162107e-02
-8.971701493783096337e-03
4.489836967755317376e-03
1.795137542929384211e-02
3.141291389083225583e-02
4.487445235237066954e-02
5.833599081390919427e-02
7.179752927544760799e-02
8.525906773698613272e-02
9.872060619852454644e-02
1.256436831216014849e-01
1.794898369677553618e-01
2.467975292754476524e-01
3.410282985062168537e-01
4.487206061985246075e-01
5.564129138908321393e-01
