3.476012219141115065e-06
3.836669076900803545e-06
4.233051530857951528e-06
4.668516900541472762e-06
5.146719288102450200e-06
5.671633960269694010e-06
6.247583557765756407e-06
6.879266253247256346e-06
7.571785985472150096e-06
8.330684904285262066e-06
9.161978168147523612e-06
1.007219124331442243e-05
1.106839986139005699e-05
1.215827279984380345e-05
1.335011765816512461e-05
1.465292981064776872e-05
1.607644472532303155e-05
1.763119384729436775e-05
1.932856425365025844e-05
2.118086229622922275e-05
2.320138145777067153e-05
2.540447465638045671e-05
2.780563124275481292e-05
3.042155894420992904e-05
3.327027101923735788e-05
3.637117889600873937e-05
3.974519057796175702e-05
4.341481510926648192e-05
4.740427340257385058e-05
5.173961574092017258e-05
5.644884627497880395e-05
6.156205484594778844e-05
6.711155647319231590e-05
7.313203885426220515e-05
7.966071823302170170e-05
8.673750399928344926e-05
9.440517239048024263e-05
1.027095496724403449e-04
1.116997051821908552e-04
1.214281546208250041e-04
1.319510739887133199e-04
1.433285245586701491e-04
1.556246892849738920e-04
1.689081210472977038e-04
1.832520031285535277e-04
1.987344223242255836e-04
2.154386550779381626e-04
2.334534670335783172e-04
2.528734263882056435e-04
2.737992314221118057e-04
2.963380525725674416e-04
3.206038894059827071e-04
3.467179428291839414e-04
3.748090028641998532e-04
4.050138522922557796e-04
4.374776864513751527e-04
4.723545494480417767e-04
5.098077870166413438e-04
5.500105162306485884e-04
5.931461122368692288e-04
6.394087121480054436e-04
6.890037361896853745e-04
7.421484261553886299e-04
7.990724011765646881e-04
8.600182307654729652e-04
9.252420250347048345e-04
9.950140419401306332e-04
1.069619311332750764e-03
1.149358275539758391e-03
1.234547446126068931e-03
1.325520076414215404e-03
1.422626849263307000e-03
1.526236579526304591e-03
1.636736930519289406e-03
1.754535143746955303e-03
1.880058781034675075e-03
2.013756478120026436e-03
2.156098708654942409e-03
2.307578557464282001e-03
2.468712501797460431e-03
2.640041199196986686e-03
2.822130280491813754e-03
3.015571146303882080e-03
3.220981765333903388e-03
3.439007472567561039e-03
3.670321765415464343e-03
3.915627095670675024e-03
4.175655655035932085e-03
4.451170151839752530e-03
4.742964576426509510e-03
5.051864952570698196e-03
5.378730072130846404e-03
5.724452210023787090e-03
6.089957816466248786e-03
6.476208183298187183e-03
6.884200081072019799e-03
7.314966363463700112e-03
7.769576535437187036e-03
8.249137281472728941e-03
8.754792950053295539e-03
9.287725990492505870e-03
9.849157338082210542e-03
1.044034674344003835e-02
1.106259304184631538e-02
1.171723435827769048e-02
1.240564824377162097e-02
1.312925173869298849e-02
1.388950135842145252e-02
1.468789299693844426e-02
1.552596174376339073e-02
1.640528160967548096e-02
1.732746515665537640e-02
1.829416302749703807e-02
1.930706337056888738e-02
2.036789115525124844e-02
2.147840737364108132e-02
2.264040812419650106e-02
2.385572357309613187e-02
2.512621678920705717e-02
2.645378244869745279e-02
2.784034540548959574e-02
2.928785912393276278e-02
3.079830397027800287e-02
3.237368535976409278e-02
3.401603175637119697e-02
3.572739252257022685e-02
3.750983561668882332e-02
3.936544513583251081e-02
4.129631870263664878e-02
4.330456469448911577e-02
4.539229931424629272e-02
4.756164350187210704e-02
4.981471968685904222e-02
5.215364838173815881e-02
5.458054461745752428e-02
5.709751422189663500e-02
5.970664994329639291e-02
6.241002742090834970e-02
6.520970100571532591e-02
6.810769943463179654e-02
7.110602136217041014e-02
7.420663075414632437e-02
7.741145214859149193e-02
8.072236578965893972e-02
8.414120264091451418e-02
8.766973928503481173e-02
9.130969271755844108e-02
9.506271504296419372e-02
9.893038808197875122e-02
1.029142178996416412e-01
1.070156292642742563e-01
1.112359600481133692e-01
1.155764555809699057e-01
1.200382629688652447e-01
1.246224253901685036e-01
1.293298763823159114e-01
1.341614341327258542e-01
1.391177957880360971e-01
1.441995317962708745e-01
1.494070802970038359e-01
1.547407415750011450e-01
1.602006725932216546e-01
1.657868816213974861e-01
1.714992229767286491e-01
1.773373918934954552e-01
1.833009195386126056e-01
1.893891681903186464e-01
1.956013265973294002e-01
2.019364055358438270e-01
2.083932335818192705e-01
2.149704531158841136e-01
2.216665165781727675e-01
2.284796829902004112e-01
2.354080147606880113e-01
2.424493747919642672e-01
2.496014239032358639e-01
2.568616185866108292e-01
2.642272091112933263e-01
2.716952379908339488e-01
2.792625388277306109e-01
2.869257355490090200e-01
2.946812420456904058e-01
3.025252622282743609e-01
3.104537905095130501e-01
3.184626127248508798e-01
3.265473074999346026e-01
3.347032480735893101e-01
3.429256045835686884e-01
3.512093468212743597e-01
3.595492474604544131e-01
3.679398857636831388e-01
3.763756517691515535e-01
3.848507509590052278e-01
3.933592094091260538e-01
4.018948794188915707e-01
4.104514456180529125e-01
4.190224315464504135e-01
4.276012067008680972e-01
4.361809940418662768e-01
4.447548779519956419e-01
4.533158126353233341e-01
4.618566309467704856e-01
4.703700536382946495e-01
4.788486990075394578e-01
4.872850929331434822e-01
4.956716792795322624e-01
5.040008306526431170e-01
5.122648594867234007e-01
5.204560294410491839e-01
5.285665670841921404e-01
5.365886738422640523e-01
5.445145381864494594e-01
5.523363480340721665e-01
5.600463033364392329e-01
5.676366288257816972e-01
5.750995868927553101e-01
5.824274905651986023e-01
5.896127165581505070e-01
5.966477183645337856e-01
6.035250393553942549e-01
6.102373258581761384e-01
6.167773401811867950e-01
6.231379735521874741e-01
6.293122589389170685e-01
6.352933837193516231e-01
6.410747021695711867e-01
6.466497477373023273e-01
6.520122450694995075e-01
6.571561217627188700e-01
6.620755198055505719e-01
6.667648066829656717e-01
6.712185861131587661e-01
6.754317083882572792e-01
6.793992802911876794e-01
6.831166745619755565e-01
6.865795388878623839e-01
6.897838043927955187e-01
6.927256936031157553e-01
6.954017278676200009e-01
6.978087342115987246e-01
6.999438516059437454e-01
7.018045366339916713e-01
7.033885685403907795e-01
7.046940536479610051e-01
7.057194291302515410e-01
7.064634661292755746e-01
7.069252722097151276e-01
7.071042931427354850e-01
7.070003140144186515e-01
7.066134596557104297e-01
7.059441943926810792e-01
7.049933211177941139e-01
7.037619796847881526e-01
7.022516446316605654e-01
7.004641222381208232e-01
6.984015469257354169e-01
6.960663770108029835e-01
6.934613898217939498e-01
6.905896761949258389e-01
6.874546343631450229e-01
6.840599632554299481e-01
6.804096552249045970e-01
6.765079882257759580e-01
6.723595174605467850e-01
6.679690665203309452e-01
6.633417180423810677e-01
6.584828039101491282e-01
6.533978950223144899e-01
6.480927906582401032e-01
6.425735074682464854e-01
6.368462681179282159e-01
6.309174896164706503e-01
6.247937713595570486e-01
6.184818829179835609e-01
6.119887516035266151e-01
6.053214498439312141e-01
5.984871823990972617e-01
5.914932734506611611e-01
5.843471535971719311e-01
5.770563467869743723e-01
5.696284572207063190e-01
5.620711562550326779e-01
5.543921693388381700e-01
5.465992630126258467e-01
5.387002320012767020e-01
5.307028864296734483e-01
5.226150391899307968e-01
5.144444934881532427e-01
5.061990305977223104e-01
4.978863978451447680e-01
4.895142968534385020e-01
4.810903720669286732e-01
4.726221995801500042e-01
4.641172762923345685e-01
4.555830094076963599e-01
4.470267063004061958e-01
4.384555647618090801e-01
4.298766636460483181e-01
4.212969539288680121e-01
4.127232501929201103e-01
4.041622225514813760e-01
3.956203890210181484e-01
3.871041083515976422e-01
3.786195733226728199e-01
3.701728045103399034e-01
3.617696445307138076e-01
3.534157527626628492e-01
3.451166005517306568e-01
3.368774668957089657e-01
3.287034346109806160e-01
3.205993869774351746e-01
3.125700048584957313e-01
3.046197642915559611e-01
2.967529345429522625e-01
2.889735766204393763e-01
2.812855422350696855e-01
2.736924732033250152e-01
2.661978012793855819e-01
2.588047484064847081e-01
2.515163273754484896e-01
2.443353428777116643e-01
2.372643929393634388e-01
2.303058707220994872e-01
2.234619666763517365e-01
2.167346710313030889e-01
2.101257766060266319e-01
2.036368819255589546e-01
1.972693946253603337e-01
1.910245351273262837e-01
1.849033405702727728e-01
1.789066689776608321e-01
1.730352036451976716e-01
1.672894577309123054e-01
1.616697790302993876e-01
1.561763549191853839e-01
1.508092174470808955e-01
1.455682485639450963e-01
1.404531854634952781e-01
1.354636260264561187e-01
1.305990343474322246e-01
1.258587463294364994e-01
1.212419753304810749e-01
1.167478178470496841e-01
1.123752592197209965e-01
1.081231793466831681e-01
1.039903583913926177e-01
9.997548247114673714e-02
9.607714931390114177e-02
9.229387387122482689e-02
8.862409387587451282e-02
8.506617533306722045e-02
8.161841793514110210e-02
7.827906038991025439e-02
7.504628565364922232e-02
7.191822606026046505e-02
6.889296833881676518e-02
6.596855851229070644e-02
6.314300667091082842e-02
6.041429161420044935e-02
5.778036535636690840e-02
5.523915749031280825e-02
5.278857940612612099e-02
5.042652836049095477e-02
4.815089139402044943e-02
4.595954909406369665e-02
4.385037920107019010e-02
4.182126005711065547e-02
3.987007389564597298e-02
3.799470997211633339e-02
3.619306753537199911e-02
3.446305864040622585e-02
3.280261080326123818e-02
3.120966949936833032e-02
2.968220050695164619e-02
2.821819209746984428e-02
2.681565707539402751e-02
2.547263466991634209e-02
2.418719228146467767e-02
2.295742708614999586e-02
2.178146750150643587e-02
2.065747451709303364e-02
1.958364289371457637e-02
1.855820223518535664e-02
1.757941793670649358e-02
1.664559201405172231e-02
1.575506381786423438e-02
1.490621063745346635e-02
1.409744819854988861e-02
1.332723105952742480e-02
1.259405291063691625e-02
1.189644678081437645e-02
1.123298515662859293e-02
1.060228001792408101e-02
1.000298279468919520e-02
9.433784249642630099e-03
8.893414290982028930e-03
8.380641719678241786e-03
7.894273915628144747e-03
7.433156466899517104e-03
6.996172746212160794e-03
6.582243438703989577e-03
6.190326024927179580e-03
5.819414222910064723e-03
5.468537393005545519e-03
5.136759909127000534e-03
4.823180499849266840e-03
4.526931562724436156e-03
4.247178455033183767e-03
3.983118764059728582e-03
3.733981559845388296e-03
3.499026633241070824e-03
3.277543721944126826e-03
3.068851727070248236e-03
2.872297922676831858e-03
2.687257160520514169e-03
2.513131072200120060e-03
2.349347270705641390e-03
2.195358553265806117e-03
2.050642107261129755e-03
1.914698720846011405e-03
1.787051999803660439e-03
1.667247592040126082e-03
1.554852421010591420e-03
1.449453929260590421e-03
1.350659333158606753e-03
1.258094889793792215e-03
1.171405176913836591e-03
1.090252386683314813e-03
1.014315633952200205e-03
9.432902796374638497e-04
8.768872697383762972e-04
8.148324904276118587e-04
7.568661395860040242e-04
7.027421150785503282e-04
6.522274200030409334e-04
6.051015850805245349e-04
5.611561082983453812e-04
5.201939118621391397e-04
4.820288164622996922e-04
4.464850328133663821e-04
4.133966703812102443e-04
3.826072631727620433e-04
3.539693124262407878e-04
3.273438460062802350e-04
3.025999942778013888e-04
2.796145822050240693e-04
2.582717373972775923e-04
2.384625138013198172e-04
2.200845307204869826e-04
2.030416268240527557e-04
1.872435287956017034e-04
1.726055342567788095e-04
1.590482085924817875e-04
1.464970952951678243e-04
1.348824394394014395e-04
1.241389238929124881e-04
1.142054178671958101e-04
1.050247374088905715e-04
9.654341743278016920e-05
8.871149489808129488e-05
8.148230273170959065e-05
7.481227410525867439e-05
6.866075667644696060e-05
6.298983641067428495e-05
5.776417060400044096e-05
5.295082973521613530e-05
4.851914778167071773e-05
4.444058064103748349e-05
4.068857230920653689e-05
3.723842847289640976e-05
3.406719718432588541e-05
3.115355629431953326e-05
2.847770732948135518e-05
2.602127550851541604e-05
2.376721560233182654e-05
2.169972335224297559e-05
1.980415217024722010e-05
1.806693485511073568e-05
1.647551006763940849e-05
1.501825331815784302e-05
1.368441222875416817e-05
1.246404584227932994e-05
1.134796775938357385e-05
1.032769289401932260e-05
9.395387646808433811e-06
8.543823304458026381e-06
7.766332481992761639e-06
7.056768432943232784e-06
6.409467060782234658e-06
5.819211472819620651e-06
5.281198925453154746e-06
4.791010017116662457e-06
4.344579992465994469e-06
3.938172028297841782e-06
3.568352378400788724e-06
3.231967260996823910e-06
2.926121378642214950e-06
2.648157966421944060e-06
2.395640269995927628e-06
2.166334360538433894e-06
1.958193198860401080e-06
1.769341866021347751e-06
1.598063882527760029e-06
1.442788542784454493e-06
1.302079195818382496e-06
1.174622407438604687e-06
1.059217942935830829e-06
9.547695131674982236e-07
8.602762304258550329e-07
7.748247238534292958e-07
6.975818673590735451e-07
6.277880760056107404e-07
5.647511296925826739e-07
5.078404856525429981e-07
4.564820438221511639e-07
4.101533315471459249e-07
3.683790763392411461e-07
3.307271375292654019e-07
2.968047696608291111e-07
2.662551923480445469e-07
2.387544430856170454e-07
2.140084911553047886e-07
1.917505923249522357e-07
1.717388654903837031e-07
1.537540737715254541e-07
1.375975938471594910e-07
1.230895585025784599e-07
1.100671584755904773e-07
9.838309072340565351e-08
8.790414120001213924e-08
7.850989113488506808e-08
7.009153664311893787e-08
6.255081227802373693e-08
5.579900986346935206e-08
4.975608461807168234e-08
4.434984121001669971e-08
3.951519296282787187e-08
3.519348797167761998e-08
3.133189638959672709e-08
2.788285360577440418e-08
2.480355446647406228e-08
2.205549408526018905e-08
1.960405115538046608e-08
1.741811001536226551e-08
1.546971803107130759e-08
1.373377514546338357e-08
1.218775271275754398e-08
1.081143897835280180e-08
9.586708791024418586e-09
8.497315341153267308e-09
7.528701909306653793e-09
6.667831784608951307e-09
5.903034673183841291e-09
5.223868064580915599e-09
4.620992159527001882e-09
4.086057086495447828e-09
3.611601248338437137e-09
3.190959744384712364e-09
2.818181908722180810e-09
2.487957092558237012e-09
2.195547898231258396e-09
1.936730145233379410e-09
1.707738915056985056e-09
1.505220082310222852e-09
1.326186794837452020e-09
1.167980415971717212e-09
1.028235487944404404e-09
9.048483172599593561e-10
7.959488208576135622e-10
6.998753064477419917e-10
6.151518918233424713e-10
5.404682964780010973e-10
4.746617647605881815e-10
4.167009032939898422e-10
3.656712366904832310e-10
3.207623049041018676e-10
2.812561430481366607e-10
2.465170003362200895e-10
2.159821691278383001e-10
1.891538080099664038e-10
1.655916545506869676e-10
1.449065339325988644e-10
1.267545792177089373e-10
1.108320876066648236e-10
9.687094482069333177e-11
8.463455673357667603e-11
7.391423368588701062e-11
6.452597859009378280e-11
5.630763504320290882e-11
4.911635625755747993e-11
4.282635974997872872e-11
3.732693643949803987e-11
3.252068613538276037e-11
2.832195438706038724e-11
2.465544834949781390e-11
2.145501172204942541e-11
1.866254097335574985e-11
1.622702699448723346e-11
1.410370804979580915e-11
1.225332144027239898e-11
1.064144267605002165e-11
9.237902189713123039e-12
8.016270725288825121e-12
6.953405522782535367e-12
6.029050297083885635e-12
5.225482794026135610e-12
4.527204405246878974e-12
3.920666946183664869e-12
3.394032256070270494e-12
2.936960772386839996e-12
2.540425671331436452e-12
2.196549556341913894e-12
1.898461023715682704e-12
1.640168742631989620e-12
1.416450960567964217e-12
1.222758587970460715e-12
1.055130231463938775e-12
9.101177358456402591e-13
7.847209643355427213e-13
6.763306964116483027e-13
5.826786552194693011e-13
5.017937939149991005e-13
4.319640740927031675e-13
3.717030611904819331e-13
3.197207428107624153e-13
2.748980474621751003e-13
2.362646043882284146e-13
2.029793408666986838e-13
1.743135624901279579e-13
1.496362052317353523e-13
1.284009862363227594e-13
1.101352138506703867e-13
9.443004695313872679e-14
8.093201962911489144e-14
6.933567008461257188e-14
5.937713276498705284e-14
5.082857027674524970e-14
4.349333718788818755e-14
3.720178136252154316e-14
3.180760039545293821e-14
2.718468115254518910e-14
2.322435956972980592e-14
1.983304587407105697e-14
1.693016740199243074e-14
1.444638732428338666e-14
1.232206295203008696e-14
1.050591198649672867e-14
8.953859172409966974e-15
7.628039391189000451e-15
6.495936352788596743e-15
5.529638768538407865e-15
4.705198262388728737e-15
4.002075347959984982e-15
3.402661602068212707e-15
2.891867735578500698e-15
2.456768629008574734e-15
2.086297589105957548e-15
1.770983116288833519e-15
1.502722371198003474e-15
1.274586308992594394e-15
1.080652127617802896e-15
9.158592643322363341e-16
7.758856849037191908e-16
6.570416521836574305e-16
5.561785440904074465e-16
4.706106230795481572e-16
3.980479466783727751e-16
3.365388574732063397e-16
2.844207061668887369e-16
2.402776474161788559e-16
2.029045089839871445e-16
1.712758736654415044e-16
1.445196333964987291e-16
1.218943784726091619e-16
1.027700741018749350e-16
8.661155351081171103e-17
7.296442317513139434e-17
6.144303290697204902e-17
5.172021274510588494e-17
4.351852095030486191e-17
3.660278384352080124e-17
3.077373955281020680e-17
2.586262465953474685e-17
2.172656586359200041e-17
1.824465864719631646e-17
1.531463196133358208e-17
1.285001258078804905e-17
1.077771531125511701e-17
9.035995977624420275e-18
7.572713327980465729e-18
6.343853870358575650e-18
5.312280405840450825e-18
4.446670793249469791e-18
3.720618416123883045e-18
3.111870041040544436e-18
2.601680360265746089e-18
2.174265589227741472e-18
1.816341116129212770e-18
1.516730442125986136e-18
1.266034561664364634e-18
1.056352561623430288e-18
8.810456058664538067e-19
7.345376538115293308e-19
6.121472677900273722e-19
5.099457200442477936e-19
4.246373382802698411e-19
3.534586475995794364e-19
2.940933925135619101e-19
2.446009693780567243e-19
2.033561787427715766e-19
1.689985288406743226e-19
1.403895943207380153e-19
1.165771656673919723e-19
9.676512078628472217e-20
8.028811628190986989e-20
6.659033653289949244e-20
5.520765763802432796e-20
4.575268393783959098e-20
3.790219990172792718e-20
3.138665207782580188e-20
2.598133654819122324e-20
2.149901862410543575e-20
1.778375480898301767e-20
1.470572358139289426e-20
1.215690235356997155e-20
1.004745392787842836e-20
8.302707656228249220e-21
6.860638941906163808e-21
5.669766248745683750e-21
4.687397855461626070e-21
3.878171599743006882e-21
3.212840124436833945e-21
2.667261943793708064e-21
2.221565225815690251e-21
1.859456735979249664e-21
1.567653076617305007e-21
1.335415328311821376e-21
1.154171576868387736e-21
1.017214696238924601e-21
9.194652439315533942e-22
8.572914888108652141e-22
8.283804998646149277e-22
8.316559389402971104e-22
8.672397752194906449e-22
9.364566246518747756e-22
1.041880861364747794e-21
1.187428096581619611e-21
1.378494120353964057e-21
1.622146000515517736e-21
1.927371782801224251e-21
2.305397191673502296e-21
2.770079954930369018e-21
3.338394936557797840e-21
4.031026241603162683e-21
4.873085946648444228e-21
5.894983217531399572e-21
7.133472428412764706e-21
8.632914641227981561e-21
1.044679361633986039e-20
1.263953560939573190e-20
1.528869180860137024e-20
1.848755366737984305e-20
2.234828492812609806e-20
2.700567021328394817e-20
3.262159915256306427e-20
3.939042767739730314e-20
4.754538500425050755e-20
5.736622672411919076e-20
6.918837223343287501e-20
8.341380956267882460e-20
1.005241037580254781e-19
1.210959078497980234e-19
1.458194498686104119e-19
1.755205574276435672e-19
2.111868855281629284e-19
2.539991363469738645e-19
3.053682052169953467e-19
3.669793587971807562e-19
4.408447542212192687e-19
5.293658473064929330e-19
6.354075201366788846e-19
7.623860910593902439e-19
9.143737622226347770e-19
1.096222521588839000e-18
1.313711060071461351e-18
1.573718904267028264e-18
1.884432717859530234e-18
2.255590609630334010e-18
2.698771325886374914e-18
3.227736426625832837e-18
3.858834978969746810e-18
4.611481984570946122e-18
5.508723732196145236e-18
6.577905581820128351e-18
7.851460399922072031e-18
9.367839044265074426e-18
1.117260801835935178e-17
1.331974377194170377e-17
1.587315821988431395e-17
1.890849601096406917e-17
2.251525104279791040e-17
2.679925785606311504e-17
3.188562304271622827e-17
3.792217289312485573e-17
4.508350644552341024e-17
5.357575818911138464e-17
6.364219225840864533e-17
7.556977044549936534e-17
8.969686021660651841e-17
1.064222766919359113e-16
1.262158848594707005e-16
1.496310258691824421e-16
1.773190749312324645e-16
2.100464890874873638e-16
2.487147620568418882e-16
2.943837717599977612e-16
3.482990854950270076e-16
4.119238797744353191e-16
4.869762385224039294e-16
5.754727169408300136e-16
6.797792015026809435e-16
8.026702622326380167e-16
9.473983851513619633e-16
1.117774694471700404e-15
1.318263030417741188e-15
1.554089544640125263e-15
1.831370317153777980e-15
2.157259893440120145e-15
2.540124095763677308e-15
2.989740987938299957e-15
3.517534478148723877e-15
4.136845741903016630e-15
4.863248450394743407e-15
5.714914714084642436e-15
6.713039714994729592e-15
7.882334224409918299e-15
9.251595608663806787e-15
1.085436954099215804e-14
1.272971649235400861e-14
1.492309920319317799e-14
1.748740978067745397e-14
2.048415786686812984e-14
2.398484453356204090e-14
2.807255023730282671e-14
3.284376937934301942e-14
3.841052883523854601e-14
4.490283333260909372e-14
5.247148686028819610e-14
6.129134649757970270e-14
7.156507328341953702e-14
8.352745414333687463e-14
9.745037961753261521e-14
1.136485743677479377e-13
1.324861913893238435e-13
1.543843967507392443e-13
1.798300897886742090e-13
2.093859242998655243e-13
2.437018197273229828e-13
2.835281780171400839e-13
3.297310521510859596e-13
3.833095468220233332e-13
4.454157708580755621e-13
5.173777054304030053e-13
6.007254024887012880e-13
6.972209850352731895e-13
8.088929856464771776e-13
9.380756330622867655e-13
1.087453779795107985e-12
1.260114257796773020e-12
1.459604555661822851e-12
1.689999831194651976e-12
1.955979409180804886e-12
2.262914067839732391e-12
2.616965590895110502e-12
3.025200257939408177e-12
3.495718166543767867e-12
4.037800528449361654e-12
4.662077362611153965e-12
5.380718323690006383e-12
6.207649760092019453e-12
7.158801495617871571e-12
8.252387278542407214e-12
9.509223347442495336e-12
1.095309013094121768e-11
1.261114273612010914e-11
1.451437659585069549e-11
1.669815544783727914e-11
1.920280971786950085e-11
2.207431438789941109e-11
2.536505655857380762e-11
2.913470417961228097e-11
3.345118883527697139e-11
3.839181705314416823e-11
4.404452637129493875e-11
5.050930437273220535e-11
5.789979109937092333e-11
6.634508771679409315e-11
7.599179704332082926e-11
8.700632461377281227e-11
9.957747235410625697e-11
1.139193607353907821e-10
1.302747194963461302e-10
1.489185917185205473e-10
1.701625012577994713e-10
1.943591393358004211e-10
2.219076325358913275e-10
2.532594615981712449e-10
2.889251083394349580e-10
3.294815168186473708e-10
3.755804646145064993e-10
4.279579508762166100e-10
4.874447197580550053e-10
5.549780510690109792e-10
6.316149645879074534e-10
7.185470006509906668e-10
8.171167574652215503e-10
9.288363853014435322e-10
1.055408259458986948e-09
1.198748077863218097e-09
1.361010655575455035e-09
1.544618717593659502e-09
1.752295023356788243e-09
1.987098191611576027e-09
2.252462633058185807e-09
2.552243040785939213e-09
2.890763935295408848e-09
3.272874812261424748e-09
3.704011497537699598e-09
4.190264375686026493e-09
4.738454226016320022e-09
5.356216474274766142e-09
6.052094749277155606e-09
6.835644722570311260e-09
7.717549306268689294e-09
8.709746390269978810e-09
9.825570415863608720e-09
1.107990920913123665e-08
1.248937763538184648e-08
1.407250978611366966e-08
1.584997157366497857e-08
1.784479578690049955e-08
2.008264185514247703e-08
2.259208277834432024e-08
2.540492191056499705e-08
2.855654253253567730e-08
3.208629341908422584e-08
3.603791389995819646e-08
4.046000222995660102e-08
4.540653142803540460e-08
5.093741711717438087e-08
5.711914229935268899e-08
6.402544443517801478e-08
7.173807066789081856e-08
8.034760753909463844e-08
8.995439209125243956e-08
1.006695118425096197e-07
1.126159017556713968e-07
1.259295470082392098e-07
1.407608011075548590e-07
1.572758296876477105e-07
1.756581911760513264e-07
1.961105664331629503e-07
2.188566504478258559e-07
2.441432202246490147e-07
2.722423941255152579e-07
3.034540991341883629e-07
3.381087638035834005e-07
3.765702560249542444e-07
4.192390862319285336e-07
4.665558982253064357e-07
5.190052714820161536e-07
5.771198605993543632e-07
6.414848994291004134e-07
7.127430994814080325e-07
7.915999743311299343e-07
8.788296240463614496e-07
9.752810160855833239e-07
1.081884801683503915e-06
1.199660709472006160e-06
1.329725560968600304e-06
1.473301955616887043e-06
1.631727676288273900e-06
1.806465869558261786e-06
1.999116058660752261e-06
2.211426050805924283e-06
2.445304804528727887e-06
2.702836326920694361e-06
2.986294674995400141e-06
3.298160140051751879e-06
3.641136698734939246e-06
4.018170819560151405e-06
4.432471718958524953e-06
4.887533166438205330e-06
5.387156944225588112e-06
5.935478072767716189e-06
6.536991919737871006e-06
7.196583316695271632e-06
7.919557814305479913e-06
8.711675214032745489e-06
9.579185521464921146e-06
1.052886747392577923e-05
1.156806980276324167e-05
1.270475539867037585e-05
1.394754855659389740e-05
1.530578548519753891e-05
1.678956827448013051e-05
1.840982252396575306e-05
2.017835884289606365e-05
2.210793844302751790e-05
2.421234305396436357e-05
2.650644940041057177e-05
2.900630849028479333e-05
3.172922997228259825e-05
3.469387183115941157e-05
3.792033569872022176e-05
4.143026806819351927e-05
4.524696770931131793e-05
4.939549959096007666e-05
5.390281562768222832e-05
5.879788257550930475e-05
6.411181741161458821e-05
6.987803054092843978e-05
7.613237718120835387e-05
8.291331728595137493e-05
9.026208437196978952e-05
9.822286362530444472e-05
1.068429796653864295e-04
1.161730943528718296e-04
1.262674150312856000e-04
1.371839135964432390e-04
1.489845567904712410e-04
1.617355481190141614e-04
1.755075817908164357e-04
1.903761090781980203e-04
2.064216174948294740e-04
2.237299231837085818e-04
2.423924769029941117e-04
2.625066839904679128e-04
2.841762386786259877e-04
3.075114731216448930e-04
3.326297214826450877e-04
3.596556994145842030e-04
3.887218992507120554e-04
4.199690012005955755e-04
4.535463008252230057e-04
4.896121530394314430e-04
5.283344328617837300e-04
5.698910131009070736e-04
6.144702591331094917e-04
6.622715408885073525e-04
7.135057621222878248e-04
7.683959070032294171e-04
8.271776040039049548e-04
8.900997070253998051e-04
9.574248936341072649e-04
1.029430280229067397e-03
1.106408053895221750e-03
1.188666120630957378e-03
1.276528769567264595e-03
1.370337352720649464e-03
1.470450979742767483e-03
1.577247227046359949e-03
1.691122860599656190e-03
1.812494571589957221e-03
1.941799724061281330e-03
2.079497113531944292e-03
2.226067735494020698e-03
2.382015562589727756e-03
2.547868329148884371e-03
2.724178321657221534e-03
2.911523173607663464e-03
3.110506663065973950e-03
3.321759511158387836e-03
3.545940179562754885e-03
3.783735664955846338e-03
4.035862288239133386e-03
4.303066476232803549e-03
4.586125533394302609e-03
4.885848400983467711e-03
5.203076400960591173e-03
5.538683961770290987e-03
5.893579323028331866e-03
6.268705215996251551e-03
6.665039516596590365e-03
7.083595867592397920e-03
7.525424266428082029e-03
7.991611615105741542e-03
8.483282228352248544e-03
9.001598296218637704e-03
9.547760297144908259e-03
1.012300735742162165e-02
1.072861755288481017e-02
1.136590814859400785e-02
1.203623577216561373e-02
1.274099651636365245e-02
1.348162596649476498e-02
1.425959914810469645e-02
1.507643039044012992e-02
1.593367310111760277e-02
1.683291944743305416e-02
1.777579993975182335e-02
1.876398291244100666e-02
1.979917389784360826e-02
2.088311488884938422e-02
2.201758348568920443e-02
2.320439192267148912e-02
2.444538597068871000e-02
2.574244371145219604e-02
2.709747417956446733e-02
2.851241586870592246e-02
2.998923509841130985e-02
3.152992423811927514e-02
3.313649978541864660e-02
3.481100029567246040e-02
3.655548416048259169e-02
3.837202723276196548e-02
4.026272029650858342e-02
4.222966637972523640e-02
4.427497790930148835e-02
4.640077370706947868e-02
4.860917582666160475e-02
5.090230623123721126e-02
5.328228331260412981e-02
5.575121825274323428e-02
5.831121122923708239e-02
6.096434746663210308e-02
6.371269313628952213e-02
6.655829110783750835e-02
6.950315655590313946e-02
7.254927242638305185e-02
7.569858476710637774e-02
7.895299792834480079e-02
8.231436963924049222e-02
8.578450596683953600e-02
8.936515616504457638e-02
9.305800742142807114e-02
9.686467951047503244e-02
1.007867193624519958e-01
1.048255955577236942e-01
1.089826927569464976e-01
1.132593060781924288e-01
1.176566354326365887e-01
1.221757798310330462e-01
1.268177316737674198e-01
1.315833710378191690e-01
1.364734599744919785e-01
1.414886368322673948e-01
1.466294106196092129e-01
1.518961554229849298e-01
1.572891048957769655e-01
1.628083468341290085e-01
1.684538178561010568e-01
1.742252982007995443e-01
1.801224066643936639e-01
1.861445956901339738e-01
1.922911466296239880e-01
1.985611651927234600e-01
2.049535771034802500e-01
2.114671239794979340e-01
2.181003594520735112e-01
2.248516455443185236e-01
2.317191493242925227e-01
2.387008398499330941e-01
2.457944854222605391e-01
2.529976511629639657e-01
2.603076969320434753e-01
2.677217756006843308e-01
2.752368316939777237e-01
2.828496004174769762e-01
2.905566070808948131e-01
2.983541669314740408e-01
3.062383854087884494e-01
3.142051588318177657e-01
3.222501755282299318e-01
3.303689174148070062e-01
3.385566620369052648e-01
3.468084850737423452e-01
3.551192633151556977e-01
3.634836781142802287e-01
3.718962193193536825e-01
3.803511896865792719e-01
3.888427097746537386e-01
3.973647233202244888e-01
4.059110030921528889e-01
4.144751572210713664e-01
4.230506359992678433e-01
4.316307391445399766e-01
4.402086235201634334e-01
4.487773113016972903e-01
4.573296985798804837e-01
4.658585643874285642e-01
4.743565801361012135e-01
4.828163194489875631e-01
4.912302683715562557e-01
4.995908359436428969e-01
5.078903651132062880e-01
5.161211439713817573e-01
5.242754172871000318e-01
5.323453983183250582e-01
5.403232808758201555e-01
5.482012516142235059e-01
5.559715025242244479e-01
5.636262435986216790e-01
5.711577156441804970e-01
5.785582032103802064e-01
5.858200476054111761e-01
5.929356599691333329e-01
5.998975343721487663e-01
6.066982609096747137e-01
6.133305387585294977e-01
6.197871891652720899e-01
6.260611683333591193e-01
6.321455801771090899e-01
6.380336889102971032e-01
6.437189314373358284e-01
6.491949295152228405e-01
6.544555016548064819e-01
6.594946747303366275e-01
6.643066952668368330e-01
6.688860403754836037e-01
6.732274283079274779e-01
6.773258286013493779e-01
6.811764717869956964e-01
6.847748586359739820e-01
6.881167689172330570e-01
6.911982696438716545e-01
6.940157227852217225e-01
6.965657924235449938e-01
6.988454513356363584e-01
7.008519869811583591e-01
7.025830068811239615e-01
7.040364433716038706e-01
7.052105577194334174e-01
7.061039435884525206e-01
7.067155298466054614e-01
7.070445827060581889e-01
7.070907071903473895e-01
7.068538479244529382e-01
7.063342892455856115e-01
7.055326546343755334e-01
7.044499054680571914e-01
7.030873390991398963e-01
7.014465862649386096e-01
6.995296078352064573e-01
6.973386909069472228e-01
6.948764442572983313e-01
6.921457931671340935e-01
6.891499736297694856e-01
6.858925259608129599e-01
6.823772878268308251e-01
6.786083867120342727e-01
6.745902318436921563e-01
6.703275055983698438e-01
6.658251544124398347e-01
6.610883792215508370e-01
6.561226254549096248e-01
6.509335726113043563e-01
6.455271234447794715e-01
6.399093927887548050e-01
6.340866960481679193e-01
6.280655373899163285e-01
6.218525976624377227e-01
6.154547220757675685e-01
6.088789076737831651e-01
6.021322906306093570e-01
5.952221334033367395e-01
5.881558117732617053e-01
5.809408018078202618e-01
5.735846667752407813e-01
5.660950440437079179e-01
5.584796319964769884e-01
5.507461769939560048e-01
5.429024604132284271e-01
5.349562857948838568e-01
5.269154661263081296e-01
5.187878112897997829e-01
5.105811157030131220e-01
5.023031461782817564e-01
4.939616300263668935e-01
4.855642434290972087e-01
4.771186001042245217e-01
4.686322402846324620e-01
4.601126200327700366e-01
4.515671009099435640e-01
4.430029400186894506e-01
4.344272804351653749e-01
4.258471420470591462e-01
4.172694128111124612e-01
4.087008404429213204e-01
4.001480245502286870e-01
3.916174092194724676e-01
3.831152760638947274e-01
3.746477377400696529e-01
3.662207319382630999e-01
3.578400158506078177e-01
3.495111611196687340e-01
3.412395492685842413e-01
3.330303676126079027e-01
3.248886056505510544e-01
3.168190519333272670e-01
3.088262914055521224e-01
3.009147032149384615e-01
2.930884589830625719e-01
2.853515215299639585e-01
2.777076440439752991e-01
2.701603696871740512e-01
2.627130316258908804e-01
2.553687534748204646e-01
2.481304501424438369e-01
2.410008290647006057e-01
2.339823918131395952e-01
2.270774360631322153e-01
2.202880579071358202e-01
2.136161544975188342e-01
2.070634270029338420e-01
2.006313838619052381e-01
1.943213443169281851e-01
1.881344422121239979e-01
1.820716300372935414e-01
1.761336832010653164e-01
1.703212045157523058e-01
1.646346288765044297e-01
1.590742281173730399e-01
1.536401160269858235e-01
1.483322535066672332e-01
1.431504538540208926e-01
1.380943881552237629e-01
1.331635907695578047e-01
1.283574648900223936e-01
1.236752881642297769e-01
1.191162183601798541e-01
1.146792990619416031e-01
1.103634653807279431e-01
1.061675496673410851e-01
1.020902872124816591e-01
9.813032192195261794e-02
9.428621195435042679e-02
9.055643530941043240e-02
8.693939535576743205e-02
8.343342628749657319e-02
8.003679849941243429e-02
7.674772387172786037e-02
7.356436095529296504e-02
7.048482004928174893e-02
6.750716816379043195e-02
6.462943386046939021e-02
6.184961196491264857e-02
5.916566814515070161e-02
5.657554335119834715e-02
5.407715811120622496e-02
5.166841668034921620e-02
4.934721103915768597e-02
4.711142473855408491e-02
4.495893658939793119e-02
4.288762419486797511e-02
4.089536732451314049e-02
3.898005112929305710e-02
3.713956919739283546e-02
3.537182645104365586e-02
3.367474188500412663e-02
3.204625114775964956e-02
3.048430896687678165e-02
2.898689142030709195e-02
2.755199805576898781e-02
2.617765386064849903e-02
2.486191108514818407e-02
2.360285092167991108e-02
2.239858504374082210e-02
2.124725700773321541e-02
2.014704352138860233e-02
1.909615558263418403e-02
1.809283949289701779e-02
1.713537774897605157e-02
1.622208981773394856e-02
1.535133279794849946e-02
1.452150197375161149e-02
1.373103126413823157e-02
1.297839357307354474e-02
1.226210104475290372e-02
1.158070522858059559e-02
1.093279715842989178e-02
1.031700735072958557e-02
9.732005725891132095e-03
9.176501457547855609e-03
8.649242754023038146e-03
8.149016576378544097e-03
7.674648297320463448e-03
7.225001305154602968e-03
6.798976556892067161e-03
6.395512084505659313e-03
6.013582458231706007e-03
5.652198210699577348e-03
5.310405225554008443e-03
4.987284094113638572e-03
4.681949443483768292e-03
4.393549239412791740e-03
4.121264067050897303e-03
3.864306392636833714e-03
3.621919809004516076e-03
3.393378267666516401e-03
3.177985300096578154e-03
2.975073230698650241e-03
2.784002383815650534e-03
2.604160286999629686e-03
2.434960872631729799e-03
2.275843679853115694e-03
2.126273058639689597e-03
1.985737377729308341e-03
1.853748237988415981e-03
1.729839692686258772e-03
1.613567476029504439e-03
1.504508241197969904e-03
1.402258809013827261e-03
1.306435428272037730e-03
1.216673048658874819e-03
1.132624607088627460e-03
1.053960328195698319e-03
9.803670396305406032e-04
9.115475027232255350e-04
8.472197589978234340e-04
7.871164929443416267e-04
7.309844113825782370e-04
6.785836396838820003e-04
6.296871350525154801e-04
5.840801170078774047e-04
5.415595151523509496e-04
5.019334342567871934e-04
4.650206366465942380e-04
4.306500418259876384e-04
3.986602432360075157e-04
3.688990420033612990e-04
3.412229975019105731e-04
3.154969945164169350e-04
2.915938267692739583e-04
2.693937965444867695e-04
2.487843301200431674e-04
2.296596086989192900e-04
2.119202145107989524e-04
1.954727917407522524e-04
1.802297219275683833e-04
1.661088134630319768e-04
1.530330048140143503e-04
1.409300810817694935e-04
1.297324035070691721e-04
1.193766515257371595e-04
1.098035769765940306e-04
1.009577700627017313e-04
9.278743666698280996e-05
8.524418662469960693e-05
7.828283255778427689e-05
7.186119887952685590e-05
6.593994058257256923e-05
6.048237142843959462e-05
5.545430116277067384e-05
5.082388138720677435e-05
4.656145972600796412e-05
4.263944193331252545e-05
3.903216159512276233e-05
3.571575708867689926e-05
3.266805547075998366e-05
2.986846297565159665e-05
2.729786181275954286e-05
2.493851296349153902e-05
2.277396468654601861e-05
2.078896645045865435e-05
1.896938802197837269e-05
1.730214344852809536e-05
1.577511968267412810e-05
1.437710960611318337e-05
1.309774922017977788e-05
1.192745877924503839e-05
1.085738765260604965e-05
9.879362709527915776e-06
8.985840030988263995e-06
8.169859760363964180e-06
7.425003913787329156e-06
6.745356979167497104e-06
6.125469140916852518e-06
5.560321975232993916e-06
5.045296468359131911e-06
4.576143217576224308e-06
4.148954681763866843e-06
3.760139355204383904e-06
3.406397744893697241e-06
3.084700037964304986e-06
2.792265351921135756e-06
2.526542466242765535e-06
2.285191939510698011e-06
2.066069521601940874e-06
1.867210775619196868e-06
1.686816829142821876e-06
1.523241179074659881e-06
1.374977478810760672e-06
1.240648240735095747e-06
1.118994391072252000e-06
1.008865617984944406e-06
9.092114574533497859e-07
8.190730649374630703e-07
7.375756241062035576e-07
6.639213470246028606e-07
5.973830231297910972e-07
5.372980771042231023e-07
4.830630983771756723e-07
4.341288074595844043e-07
3.899954266490103582e-07
3.502084248375145315e-07
3.143546082213181606e-07
2.820585306537303279e-07
2.529791992075858970e-07
2.268070522262780266e-07
2.032611887488888839e-07
1.820868297003944674e-07
1.630529926476979260e-07
1.459503632413666439e-07
1.305893476963343712e-07
1.167982918171926728e-07
1.044218531495284895e-07
9.331951384245535435e-08
8.336422274314302206e-08
7.444115611581392295e-08
6.644658718907753674e-08
5.928685549031551368e-08
5.287742762749041618e-08
4.714204183062954149e-08
4.201192917026449465e-08
3.742510493151790535e-08
3.332572414288555920e-08
2.966349574086928331e-08
2.639315029796231676e-08
2.347395665443126531e-08
2.086928317614907165e-08
1.854619971351848891e-08
1.647511666227928634e-08
1.462945782759827417e-08
1.298536407005724344e-08
1.152142496764180374e-08
1.021843596314427059e-08
9.059178682987663516e-09
8.028222312716219973e-09
7.111744097560337236e-09
6.297367204761160281e-09
5.574014338849195483e-09
4.931775642851297071e-09
4.361789548419622999e-09
3.856135357041419684e-09
3.407736443636184564e-09
3.010273073762950914e-09
2.658103917068676886e-09
2.346195423185829770e-09
2.070058302657958432e-09
1.825690425217554561e-09
1.609525511397396306e-09
1.418387051524152647e-09
1.249446939078961560e-09
1.100188353643389794e-09
9.683724725676352904e-10
8.520086304708838703e-10
7.493275820391688621e-10
6.587575566360402851e-10
5.789028232684128905e-10
5.085245117148357256e-10
4.465234603670727514e-10
3.919248837783599315e-10
3.438646732558196585e-10
3.015771622664950112e-10
2.643842051162243431e-10
2.316854324652242931e-10
2.029495609060342789e-10
1.777066461801010674e-10
1.555411807681104263e-10
1.360859466658441436e-10
1.190165432519298701e-10
1.040465183574671858e-10
9.092303804366350769e-11
7.942303725798744586e-11
6.934979954128206620e-11
6.052991936065513668e-11
5.281060550308844715e-11
4.605728833472620752e-11
4.015149765799072806e-11
3.498898142610435986e-11
3.047803874124832061e-11
2.653804340387971398e-11
2.309813682875653670e-11
2.009607142706540863e-11
1.747718759998059922e-11
1.519350932093176133e-11
1.320294492324644647e-11
1.146858117620931812e-11
9.958060043503383355e-12
8.643028689336921993e-12
7.498654343653621791e-12
6.503196571570046758e-12
5.637630325232383495e-12
4.885313899107029187e-12
4.231696571757027780e-12
3.664061306886699847e-12
3.171298411497982486e-12
2.743706516242412109e-12
2.372817658633392133e-12
2.051243619226817844e-12
1.772540989142493529e-12
1.531092738826037828e-12
1.322004316723631955e-12
1.141012536123935021e-12
9.844057120044030883e-13
8.489536901573421946e-13
7.318465707151345514e-13
6.306410697249041827e-13
5.432135876759917788e-13
4.677191646762806589e-13
4.025555999264040362e-13
3.463320996997109205e-13
2.978418944876913265e-13
2.560383334631281241e-13
2.200140239656768474e-13
1.889826362372250887e-13
1.622630399323681806e-13
1.392654797217485914e-13
1.194795332293304367e-13
1.024636261649233660e-13
8.783590733217969008e-14
7.526631065504812049e-14
6.446965286665133887e-14
5.519963439322688167e-14
4.724362755146111015e-14
4.041815073400810416e-14
3.456494002731016924e-14
2.954754090204460316e-14
2.524835242867078329e-14
2.156606506561081254e-14
1.841344059290554627e-14
1.571538934973488286e-14
1.340730569456868371e-14
1.143362764290126160e-14
9.746591038467395796e-15
8.305152457820388382e-15
7.074058404068609193e-15
6.023041273980637011e-15
5.126125136834805685e-15
4.361026590062268350e-15
3.708637896998562374e-15
3.152581301943436745e-15
2.678824888849139423e-15
2.275351630035551878e-15
1.931874384631405109e-15
1.639590574260509145e-15
1.390971104421885058e-15
1.179578830360492418e-15
9.999125002275144417e-16
8.472726584379635787e-16
7.176464692268513113e-16
6.076088339795239512e-16
5.142375342562749549e-16
4.350404427763417559e-16
3.678931132755139014e-16
3.109852925983483838e-16
2.627750994151064251e-16
2.219497877302064260e-16
1.873921634980674870e-16
1.581518523356921832e-16
1.334207282593640636e-16
1.125119099564092762e-16
9.484181439944685869e-17
7.991482941461440711e-17
6.731022868387208188e-17
5.667100594472615885e-17
4.769435101876921833e-17
4.012352976699540389e-17
3.374096401267688848e-17
2.836233665130309981e-17
2.383157223886046631e-17
2.001656488265525362e-17
1.680554374399257179e-17
1.410398232343805959e-17
1.183197130318319539e-17
9.921986383314110495e-18
8.316992541932079686e-18
6.968834708148877311e-18
5.836872164385976928e-18
4.886820264521973814e-18
4.089768417371988953e-18
3.421347869898839407e-18
2.861026742535007010e-18
2.391513115523465456e-18
1.998249822313703464e-18
1.668987044234828612e-18
1.393420880393685498e-18
1.162887839910372369e-18
9.701067147040817608e-19
8.089605782298453153e-19
6.743127515206835484e-19
5.618515106006140046e-19
4.679591027552226181e-19
3.896013137763478302e-19
3.242344016598755367e-19
2.697266993133570290e-19
2.242926024199495258e-19
1.864370096367144358e-19
1.549085801064575537e-19
1.286604257909380351e-19
1.068170701756000513e-19
8.864668623566267944e-20
7.353778011786181582e-20
6.097961697735395854e-20
5.054579538587284937e-20
4.188046973402033602e-20
3.468679867010821206e-20
2.871726404647883121e-20
2.376556094675239366e-20
1.965980672791207775e-20
1.625685697390747696e-20
1.343754996291027992e-20
1.110272966558586456e-20
9.169921236361147561e-21
7.570553128024551336e-21
6.247636940063129349e-21
5.153830400563863171e-21
4.249820901270771925e-21
3.502977111503126040e-21
2.886224689980018009e-21
2.377109248365547492e-21
1.957015711189841668e-21
1.610518244888881095e-21
1.324839146881313032e-21
1.089398622753016482e-21
8.954403443819891188e-22
7.357201657329039055e-22
6.042474531507256269e-22
4.960702281597649121e-22
4.070967776035208805e-22
3.339476043405006017e-22
2.738326102176603083e-22
2.244492540900300218e-22
1.838981384605914340e-22
1.506130717258951854e-22
1.233031482010896684e-22
1.009048011372526647e-22
8.254212831139124965e-23
6.749407675537320279e-23
5.516731225056425117e-23
4.507379826558973521e-23
3.681227467871832748e-23
3.005296444293671422e-23
2.452495095159658480e-23
2.000576411470798148e-23
1.631279229219062480e-23
1.329620294844785253e-23
1.083310944371934435e-23
8.822766639428001825e-24
7.182615532531305451e-24
5.845028252169130658e-24
4.754630537198065117e-24
3.866100170093473635e-24
3.142357523993271562e-24
2.553079011515411110e-24
2.073476327037617187e-24
1.683294381048458691e-24
1.365989095378087896e-24
1.108053060018397721e-24
8.984626935189221943e-25
7.282252050575929597e-25
5.900074976000849996e-25
4.778323192817427339e-25
3.868295812501346505e-25
3.130329115602135464e-25
2.532132864988641466e-25
2.047430392601068292e-25
1.654847460550850227e-25
1.337004768633063488e-25
1.079777095771443568e-25
8.716887319944919603e-26
7.034203356387516935e-26
5.674068483251409954e-26
4.575097916553250633e-26
3.687502978054249359e-26
2.970917093152152495e-26
2.392626186236960833e-26
1.926128853414647882e-26
1.549965347565801201e-26
1.246765588309294871e-26
1.002475555109879789e-26
8.057289016375166244e-27
6.473367443155633038e-27
5.198735747324048615e-27
4.173413269116955467e-27
3.348969626044751297e-27
2.686316571165567481e-27
2.153918864602656889e-27
1.726345253679721329e-27
1.383095398930077385e-27
1.107650593157273693e-27
8.867059007430806900e-28
7.095493051062422492e-28
5.675599292509809684e-28
4.538026619474492328e-28
3.627008042492220918e-28
2.897718306192718628e-28
2.314141851202934083e-28
1.847353276265250013e-28
1.474131070546259328e-28
1.175840490486287777e-28
9.375337025317337972e-29
7.472252389735629989e-29
5.953088553333932113e-29
4.740883893391616128e-29
3.774004922141816947e-29
3.003113674158867603e-29
2.388731007346384654e-29
1.899279536058811328e-29
1.509512442551938753e-29
1.199252608381709523e-29
9.523811973576465123e-30
7.560266764645313558e-30
5.999148238766163668e-30
4.758479836671118008e-30
3.772880411595770717e-30
2.990225992395030907e-30
2.368978674257921727e-30
1.876050205428764722e-30
1.485093947300051934e-30
1.175139883004394018e-30
9.295042295538081029e-31
7.349187723909147900e-31
5.808359357235286613e-31
4.588743487781790852e-31
3.623766875301395017e-31
2.860572022645783277e-31
2.257208562670026855e-31
1.780396196152079783e-31
1.403743611295878927e-31
1.106331031351928341e-31
8.715826203779680114e-32
6.863698461756875712e-32
5.402987913547402706e-32
4.251439103109741638e-32
3.343983267803410184e-32
2.629168346729739121e-32
2.066326097053103927e-32
1.623325058695860086e-32
1.274788952357842221e-32
1.000684691086587757e-32
7.852037893986595478e-33
6.158765725785686854e-33
4.828710270780315712e-33
3.784380342823010811e-33
2.964726083909834846e-33
2.321670253869537772e-33
1.817367118491723193e-33
1.422037213047248360e-33
1.112257705797893971e-33
8.696130557656145835e-34
6.796304767144426346e-34
5.309404413214159702e-34
4.146149270122056563e-34
3.236459874164710982e-34
2.525350635072578766e-34
1.969696498304151698e-34
1.535688405204644650e-34
1.196831645914605451e-34
9.323719277807937734e-35
7.260582767929037974e-35
5.651710899127932474e-35
4.397588239094631805e-35
3.420387833363960186e-35
2.659269237903851420e-35
2.066690451076919228e-35
1.605516311961603514e-35
1.246752300189554657e-35
9.677692090211914324e-36
7.509129407883764844e-36
5.824163302724306274e-36
4.515477314423104145e-36
3.499451285402219844e-36
2.710955608098469423e-36
2.099283180612328069e-36
1.624971740773040075e-36
1.257322726360200834e-36
9.724647876902845506e-37
7.518430167607792272e-37
5.810407906773304861e-37
4.488613799884536017e-37
3.466123436506352883e-37
2.675481644171263724e-37
2.064363125576603564e-37
1.592195442573239741e-37
1.227532011259677603e-37
9.460093799573876593e-38
7.287594931743244841e-38
5.611761096907509297e-38
4.319567742019745923e-38
3.323590973667262488e-38
2.556236423303603325e-38
1.965262797295426804e-38
1.510311097594039620e-38
1.160214691353119256e-38
8.909154157717573963e-39
6.838498457820968521e-39
5.247001631623712750e-39
4.024276490139041987e-39
3.085251627782487374e-39
2.364392293077514638e-39
1.811234351563676561e-39
1.386934412465852556e-39
1.061606008551488466e-39
8.122635749198599759e-40
6.212362004368430303e-40
4.749443195813372516e-40
3.629566911685573943e-40
2.772637435906508665e-40
2.117178742074965364e-40
1.616025215791809023e-40
1.233005198669633142e-40
9.403896675136032545e-41
7.169303337251919991e-41
5.463516131228668864e-41
4.161919441270493446e-41
3.169138912810373264e-41
2.412209639957381531e-41
1.835333482880294762e-41
1.395857527930611426e-41
1.061190527702475295e-41
8.064395206348669686e-42
6.125991743887215623e-42
4.651651583260490809e-42
3.530726806606730879e-42
2.678842733527741533e-42
2.031685532386797979e-42
1.540252505964973656e-42
1.167222166168687824e-42
8.841812381544047292e-43
6.695071666808749687e-43
5.067518369261528008e-43
3.834083787120846872e-43
2.899706442469974051e-43
2.192161942806559140e-43
1.656599021997776140e-43
1.251377476094865523e-43
9.448990952478661231e-44
7.131956718364121675e-44
5.380939771136681935e-44
4.058202643746324410e-44
3.059394588972175801e-44
2.305490968968861290e-44
1.736670882311028993e-44
1.307668874283160402e-44
9.842472651335244196e-45
7.405200353292436656e-45
5.569235412584256538e-45
4.186783511250049653e-45
3.146238206280673445e-45
2.363354458138033962e-45
1.774566548430084353e-45
1.331931484694052522e-45
9.993040462052911728e-46
7.494446661545962312e-46
5.618335460273492505e-46
4.210192239446763109e-46
3.153714337893169906e-46
2.361396662435391459e-46
1.767427890221672721e-46
1.322332369246263797e-46
9.889303845463396703e-47
7.392936543787719035e-47
5.524518124380987781e-47
4.126653395095878787e-47
3.081255771684811705e-47
2.299766128740982650e-47
1.715796441933009497e-47
1.279599373498191625e-47
9.539122830246679232e-48
7.108353701910409137e-48
5.294875885281826584e-48
3.942472799907813270e-48
2.934322159001173762e-48
2.183097072179154123e-48
1.623545511864750717e-48
1.206929921041671152e-48
8.968623791344001333e-49
6.661863444268564982e-49
4.946429366016649081e-49
3.671250881092018018e-49
2.723720139390938958e-49
2.019933475607937522e-49
1.497399961406602145e-49
1.109595622924794523e-49
8.218978010449573106e-50
6.085511233930023703e-50
4.504042551049553972e-50
3.332223074592360409e-50
2.464290009628076593e-50
1.821695274225484587e-50
1.346126312290767463e-50
9.943105817596897570e-51
7.341494464355056759e-51
5.418424874402302526e-51
3.997493841244585959e-51
2.948008399991777054e-51
2.173180484427765895e-51
1.601360244019096205e-51
1.179528543011088296e-51
8.684684250028157556e-52
6.391838280750892510e-52
4.702444621472253772e-52
3.458181375118369416e-52
2.542131496554984407e-52
1.867989461939470700e-52
1.372072305980131534e-52
1.007408803277196563e-52
7.393680012484509399e-53
5.424275342953486796e-53
3.977855188210138799e-53
2.915965472121434133e-53
2.136692137618526697e-53
1.565048112156107691e-53
1.145881216442695010e-53
8.386440578702590264e-54
6.135386328505840129e-54
4.486754640737611695e-54
3.279811569040512481e-54
2.396578354609372649e-54
1.750493643141567741e-54
1.278072851441082631e-54
9.327748929150646806e-55
6.804939247605245366e-55
4.962469186315149543e-55
3.617408545686714781e-55
2.635866822408074144e-55
1.919886405700520703e-55
1.397828109433455404e-55
1.017321380863158001e-55
7.400971654775638261e-56
5.382022091108366775e-56
3.912266019514313683e-56
2.842741995596757421e-56
2.064774744771045840e-56
1.499111997983835409e-56
1.087981841064402156e-56
7.892877818870621612e-57
5.723679134515331121e-57
4.148980038553590937e-57
3.006308726930332323e-57
2.177468976325041323e-57
1.576509314133949487e-57
1.140951732440494239e-57
8.253994395749508179e-58
5.968802838850473169e-58
4.314559512282461045e-58
3.117538749784441128e-58
2.251715011700058888e-58
1.625702795013495178e-58
1.173262116526563496e-58
8.463989381657697864e-59
6.103533577219959965e-59
4.399605463210251351e-59
3.170095119799226372e-59
2.283268687400728265e-59
1.643871682780334820e-59
1.183055106118733158e-59
8.510757194133336644e-60
6.120086961654091642e-60
4.399194382512310994e-60
3.160929993084044628e-60
2.270297489936744307e-60
1.629959550350630334e-60
1.169760766713211101e-60
8.391574253926283379e-61
6.017498612313441580e-61
4.313350222198730483e-61
3.090577309250072786e-61
2.213556785798881003e-61
1.584776016125224455e-61
1.134152040947632550e-61
8.113361625897978979e-62
5.801717190648466057e-62
4.147042084193569997e-62
2.963101283467421740e-62
2.116316982312826703e-62
1.510918725380004082e-62
1.078270333506560727e-62
7.692019489590251279e-63
5.485033212740213938e-63
3.909707916461209989e-63
2.785707619095053452e-63
1.984051389310847892e-63
1.412526056049496744e-63
1.005231721971941810e-63
7.150922459406102330e-64
5.084919932303736043e-64
3.614367722888854399e-64
2.568069175023062241e-64
1.823926221710154079e-64
1.294893295994484471e-64
9.189393822766951433e-65
6.518773812582470093e-65
4.622438339260559591e-65
3.276442173107446330e-65
2.321453850226401161e-65
1.644158824953390036e-65
1.164001788535583873e-65
8.237391243036662320e-66
5.827092418961694503e-66
4.120408599731497579e-66
2.912425534369155924e-66
2.057763888060984089e-66
1.453323912180051870e-66
1.026019142166670723e-66
7.240601965020750703e-67
5.107637308819248945e-67
3.601567790930352000e-67
2.538570934209815772e-67
1.788599804811964049e-67
1.259688664079595983e-67
8.868280672212168641e-68
6.240822123627314778e-68
4.390058885338712309e-68
3.086917715331958140e-68
2.169731164548751831e-68
1.524449236453006779e-68
1.070646677523104498e-68
7.516324932001081817e-69
5.274618888278331055e-69
3.700009091146113532e-69
2.594422266616241504e-69
1.818463972466076230e-69
1.274074740957794568e-69
8.923007881743466823e-70
6.246745517031243499e-70
4.371419823241879149e-70
3.057858516352216823e-70
2.138151250327255770e-70
1.494464578716637279e-70
1.044140628478430310e-70
7.292199307688607841e-71
5.090778856485557869e-71
3.552516466185000868e-71
2.478073216807203228e-71
1.727898924893996511e-71
1.204338864203277686e-71
8.390836033872499327e-72
5.843700294189642848e-72
4.068148523167425113e-72
2.830947610389223267e-72
1.969214527223526795e-72
1.369242579290164478e-72
9.516865404450046010e-73
6.612011873935882429e-73
4.591974722871498754e-73
3.187803323365596712e-73
2.212125263789392318e-73
1.534454724334150810e-73
1.063958302648365888e-73
7.374308525181335728e-74
5.109097204817356093e-74
3.538288116908404693e-74
2.449448927277584328e-74
1.695000183415258063e-74
1.172457952946872416e-74
8.106828218419209086e-75
5.603131699693737960e-75
3.871121985449716749e-75
2.673431430321702568e-75
1.845556769025277607e-75
1.273538075910836900e-75
8.784612836068509491e-76
6.057026637977586394e-76
4.174673431730951703e-76
2.876151103448640062e-76
1.980738101449807821e-76
1.363542186626422086e-76
9.382882306867352508e-77
6.454017295421312438e-77
4.437620378803178033e-77
3.049975396536363080e-77
2.095408450695676004e-77
1.439021267460992926e-77
9.878520381128071065e-78
6.778642876276963023e-78
4.649644774039219990e-78
3.188034124851333150e-78
2.185004393395978964e-78
1.496951859112292451e-78
1.025154965795074302e-78
7.017741580684821630e-79
4.802102107695473008e-79
3.284668722611049339e-79
2.245835415746427881e-79
1.534936606402835906e-79
1.048646538000281800e-79
7.161334793496816232e-80
4.888605522012884449e-80
3.335816686580432910e-80
2.275335935700667114e-80
1.551368758681038375e-80
1.057330410118795016e-80
7.203317729231119643e-81
4.905469568424359662e-81
3.339294842385771649e-81
2.272244777176562251e-81
1.545544903491380797e-81
1.050834462506378906e-81
7.141889942518303509e-82
4.851970658587102005e-82
3.294953915303387466e-82
2.236694603511594940e-82
1.517714912796986984e-82
1.029437250585733123e-82
6.979683402215944891e-83
4.730398562888157269e-83
3.204689156908340507e-83
2.170202473519545163e-83
1.469064160271680333e-83
9.940481916225178091e-84
6.723575435087216028e-84
4.545893849539905288e-84
3.072305973524488721e-84
2.075562456875245660e-84
1.401629773004607850e-84
9.461434517989972763e-85
6.384205062627396716e-85
4.306087344873765949e-85
2.903253830764017788e-85
1.956650900044520462e-85
1.318159162041598395e-85
8.876638313956949444e-86
5.975240125056609842e-86
4.020576847449884853e-86
2.704254358772722409e-86
1.818163251762767401e-86
1.221924518714877856e-86
8.208844884584186610e-87
5.512465514252625678e-87
3.700291074938281367e-87
2.482859001273600139e-87
1.665307325539713153e-87
1.116510712006719913e-87
7.482686707148488887e-88
5.012777133408008518e-88
3.356799463473578353e-88
2.246976674477426326e-88
1.503480838292981927e-88
1.005595675687817221e-88
6.723185020736146747e-89
4.493170464975470991e-89
3.001628181206961073e-89
2.004412300303934949e-89
1.337960803130598937e-89
8.927418378804327026e-90
5.954352648011713350e-90
3.969806903570578035e-90
2.645637753386795235e-90
1.762452992206791022e-90
1.173629106855780140e-90
7.812146294215977327e-91
5.197997060528324624e-91
3.457226696752288354e-91
2.298507116390160959e-91
1.527530933591709468e-91
1.014752993584606751e-91
6.738400733136099812e-92
4.472800162405022390e-92
2.967756886699129183e-92
1.968354485354653661e-92
1.304981855572942589e-92
8.648320955550932344e-93
5.729085326709213318e-93
3.793717156635642643e-93
2.511139115774264515e-93
1.661509251569101817e-93
1.098906952267405508e-93
7.265161024789047020e-94
4.801265632786370368e-94
3.171702104516533745e-94
2.094378701992005831e-94
1.382433348104424646e-94
9.121354960949492355e-95
6.015900966041887350e-95
3.966141149567599581e-95
2.613736605688642426e-95
1.721795786706433436e-95
1.133776960876195755e-95
7.462765252748858748e-96
4.910187770127435450e-96
3.229405541067235177e-96
2.123113629359066762e-96
1.395243656979238123e-96
9.165434153073300764e-97
6.018415854241436020e-97
3.950367598027909448e-97
2.591904491495115266e-97
1.699912801673479302e-97
1.114449672755748294e-97
7.303321916088657653e-98
4.784169886762539436e-98
3.132700732945776066e-98
2.050488748635619874e-98
1.341596877556902476e-98
8.774307560329694997e-99
5.736273293962874322e-99
3.748633496249832680e-99
2.448737855489035460e-99
1.598960646467920556e-99
1.043660919368508021e-99
6.809374717339880579e-100
4.441004495843617070e-100
2.895218586114311377e-100
1.886720940713040687e-100
1.229023388498067882e-100
8.002741558021398440e-101
5.208871005822947606e-101
3.389023493772653882e-101
2.204102173393645593e-101
1.432897194753947341e-101
9.311604218808584297e-102
6.048673615068359919e-102
3.927552141435970103e-102
2.549235362761553826e-102
1.653956471394055035e-102
1.072665674446842426e-102
6.953938689109584846e-103
4.506335245882793981e-103
2.919055177424466398e-103
1.890110859483026255e-103
1.223371662901757742e-103
7.915087537677840992e-104
5.118930042856215098e-104
3.309244324686195161e-104
2.138477264781290991e-104
1.381359148996031291e-104
8.919381619943763290e-105
5.756904823723285513e-105
3.714236209642275746e-105
2.395389579528670258e-105
1.544219238141788610e-105
9.951027529631377228e-106
6.409926698430794663e-106
4.127284104250113962e-106
2.656451143400528056e-106
1.709092102338992333e-106
1.099145707175506030e-106
7.065960985217541870e-107
4.540601293825361227e-107
2.916632214538544305e-107
1.872734168669321880e-107
1.201978686556463290e-107
7.711583503150395794e-108
4.945572020524508206e-108
3.170411700868928310e-108
2.031612891392697871e-108
1.301344928910767535e-108
8.332398930629051963e-109
5.333027845723756051e-109
3.411959083508942660e-109
2.182026114385934332e-109
1.394897319471848086e-109
8.913549935800201123e-110
5.693578729164487626e-110
3.635349124729202596e-110
2.320240944111643922e-110
1.480287983837912868e-110
9.440293735579800148e-111
6.017983155266464620e-111
3.834798901482637808e-111
2.442645188079801054e-111
1.555264812547317999e-111
9.898615885286939524e-112
6.297537520423972452e-112
4.004914251098018243e-112
2.545902962352933761e-112
1.617769477346227757e-112
1.027584617579033599e-112
6.524462179936842639e-113
4.140931132975766708e-113
2.627105200337656179e-113
1.666031032836442686e-113
1.056123911608042172e-113
6.692260392269625861e-114
4.238936905455183091e-114
2.683905623268109454e-114
1.698649182697728126e-114
1.074648198706667159e-114
6.796027099787440978e-115
4.296057200836619904e-115
2.714633316370851207e-115
1.714661753440750453e-115
1.082609697632494676e-115
6.832687080869980602e-116
4.310595950290581324e-116
2.718374376384704353e-116
1.713591840201756101e-116
1.079771025385686780e-116
6.801146341004604777e-117
4.282119041165974697e-117
2.695017063713253123e-117
1.695471401207553002e-117
1.066216954612280599e-117
6.702346343364605761e-118
4.211475848939513795e-118
2.645257346443008974e-118
1.660839672073743430e-118
1.042350208259639419e-118
6.539217327747413605e-119
4.100757153573323274e-119
2.570564452401505007e-119
1.610716509718247897e-119
1.008871582581849214e-119
6.316533947613523190e-120
3.953192349775195937e-120
2.473108808441052454e-120
1.546552504568507343e-120
9.667457674340149284e-121
6.040683149439456926e-121
3.772993002572564272e-121
2.355657298543067902e-121
1.470159266086842667e-121
9.171551898292241288e-122
5.719360038871092486e-122
3.565153321689371299e-122
2.221442892291027259e-122
1.383624555202768053e-122
8.614449609341059894e-123
5.361211930002837453e-123
3.335220734653603973e-123
2.074017206978772426e-123
1.289217804417486525e-123
8.010624976015000195e-124
4.975453508378741778e-124
3.089051230234754575e-124
1.917095358317991627e-124
1.189291970588441557e-124
7.374955841075612657e-125
4.571476883563739836e-125
2.832564436309376208e-125
1.754402488211397026e-125
1.086187592171316540e-125
6.722125348334442530e-126
4.158479281111772512e-126
2.571512524247197789e-126
1.589530669806523752e-126
9.821444039697793028e-127
6.066077398924181240e-127
3.745128422343985095e-127
2.311275139494071747e-127
1.425813583348905838e-127
8.792249708523882936e-128
5.419552734283222471e-128
3.339281606923618801e-128
2.056689877242044103e-128
1.266224586548634760e-128
7.792536405638654988e-129
4.793724864548458326e-129
2.947769592801549538e-129
1.811924642550111504e-129
1.113301757697702556e-129
6.837728053739632090e-130
4.197946699942952310e-130
2.576251053606547581e-130
1.580394868837943602e-130
9.691013662882884567e-131
5.940171271907905035e-131
3.639610377687037412e-131
2.229138170692725476e-131
1.364725318939160333e-131
8.351792108808738369e-132
5.109051357479480208e-132
3.124115111786880596e-132
1.909589215044879541e-132
1.166753319445107533e-132
7.125975148105978672e-133
4.350465490520611407e-133
2.654931491808825493e-133
1.619560127771852447e-133
9.875679789986441372e-134
6.019537021998821675e-134
3.667628561668256685e-134
2.233745902063545199e-134
1.359904333614667328e-134
8.275783354223319560e-135
5.034264558957947405e-135
3.061181800632767813e-135
1.860665808013374208e-135
1.130508410546294019e-135
6.866025067427780994e-136
4.168340019870280174e-136
2.529572071655364411e-136
1.534465553815983393e-136
9.304507623231157558e-137
5.639697560302164546e-137
3.416995444071075670e-137
2.069470076530489916e-137
1.252852860230105563e-137
7.581709723696370114e-138
4.586278285123041263e-138
2.773191241594368903e-138
1.676198327446492787e-138
1.012738108322908389e-138
6.116388570379219211e-139
3.692488489200745103e-139
2.228278133730095478e-139
1.344144047942710965e-139
8.104913689502165739e-140
4.885141432564203192e-140
2.943283226903596313e-140
1.772609757454802061e-140
1.067137500979057127e-140
6.421755920134742659e-141
3.862899184111286368e-141
2.322732086064236396e-141
1.396082332356399866e-141
8.387820137158332384e-142
5.037480217108178560e-142
3.024153034084805966e-142
1.814764777514356714e-142
1.088586852992442749e-142
6.527276269642092853e-143
3.912254249110168287e-143
2.343949838598342952e-143
1.403769241481460145e-143
8.403675947950701529e-144
5.028854134923729331e-144
3.008118541899518551e-144
1.798651485831921602e-144
1.075041578169138527e-144
6.422877930260379455e-145
3.835837859473545171e-145
2.289902444969061631e-145
1.366469324097061551e-145
8.150963696347624216e-146
4.860088720623879860e-146
2.896713892607471796e-146
1.725810764083140784e-146
1.027795971090711223e-146
6.118526069690315069e-147
3.640934658631109006e-147
2.165734034699118999e-147
1.287726177853576316e-147
7.653641109611771233e-148
4.547145271726845215e-148
2.700447454191886453e-148
1.603093301212775101e-148
9.512792723815323600e-149
5.642654183148750464e-149
3.345684636633429814e-149
1.982954438188618036e-149
1.174807297565599147e-149
6.957395658144023277e-150
4.118631478117114304e-150
2.437167248854636304e-150
1.441597095485648676e-150
8.523709309674074065e-151
5.037783830889565364e-151
2.976299233151591141e-151
1.757680048561150517e-151
1.037598224748327020e-151
6.122725417769369895e-152
3.611490800762891688e-152
2.129386071222544978e-152
1.255013713110917804e-152
7.393817042085807887e-153
4.354267388630404467e-153
2.563230464883783426e-153
1.508295321141550672e-153
8.871790501391813072e-154
5.216297328240540410e-154
3.065769962562290392e-154
1.801121281848552233e-154
1.057724385946304848e-154
6.209094116339585122e-155
3.643427524195756987e-155
2.137067271227735613e-155
1.253003886076852883e-155
7.343664184225321730e-156
4.302286881899523388e-156
2.519486815466520657e-156
1.474860621061368938e-156
8.630104140843426529e-157
5.047859508497801122e-157
2.951376726192370218e-157
1.724917004744621362e-157
1.007715469152345095e-157
5.884828534903609112e-158
3.435230379642198663e-158
2.004490898059367427e-158
1.169172187264898491e-158
6.816776090815511288e-159
3.972882756527512482e-159
2.314507726389084901e-159
1.347837971847433726e-159
7.845902485399491833e-160
4.565352240267657945e-160
2.655411566571278529e-160
1.543887178077415566e-160
8.972747458637637857e-161
5.212685161771575380e-161
3.027078697264739235e-161
1.757163182158838212e-161
1.019592528622622840e-161
5.913809902873932888e-162
3.428737539485445988e-162
1.987134624936825517e-162
1.151188667351111966e-162
6.666407950662796891e-163
3.858899199519247211e-163
2.232858223014744691e-163
1.291472099485257257e-163
7.466809558650305311e-164
4.315302924470223872e-164
2.492950566265994958e-164
1.439601240802778317e-164
8.309921556108902788e-165
4.794880658680572012e-165
2.765571218827009647e-165
1.594476261033399415e-165
9.189194308980404220e-166
5.293744524684681421e-166
3.048419200437801358e-166
1.754739145309906732e-166
1.009663385197157138e-166
5.807200436264520404e-167
3.338744543388315754e-167
1.918782428989639744e-167
1.102286378660433224e-167
6.329790190247333373e-168
3.633376103508992992e-168
2.084767184915709259e-168
1.195723970870018514e-168
6.855363301892869594e-169
3.928766167497816403e-169
2.250650469736581413e-169
1.288801675718103494e-169
7.377178587429200800e-170
4.221051669101918239e-170
2.414222015194504953e-170
1.380256845923912432e-170
7.888034113924158963e-171
4.506131037589449292e-171
2.573149501757736258e-171
1.468765250645577209e-171
8.380422702666072841e-172
4.779754895353596803e-172
2.725031299936583999e-172
1.552971657226498122e-172
8.846708768225424628e-173
5.037628043698222528e-173
2.867455135533573445e-173
1.631523492462033857e-173
9.279320987236897168e-174
5.275519475284763736e-174
2.998060756158915931e-174
1.703106455057098260e-174
9.670954203025100900e-175
5.489376575104667893e-175
3.114604373352695858e-175
1.766480793311431441e-175
1.001477316177399620e-175
5.675439261111257117e-176
3.215022450162952598e-176
1.820516862591661938e-176
1.030461020688818771e-176
5.830349604289493891e-177
3.297492315458512421e-177
1.864228544745626201e-177
1.053514897569362724e-177
5.951252478406306710e-178
3.360487124427076895e-178
1.896803151351621340e-178
1.070208646901861840e-178
6.035883031023866297e-179
3.402822852727303347e-179
1.917626545166643452e-179
1.080226659636351571e-179
6.082637234094270386e-180
3.423695304463834658e-180
1.926302395255552387e-180
1.083377940780131465e-180
6.090622444418458732e-181
3.422705518181067064e-181
1.922664722465582613e-181
1.079602165407905731e-181
6.059685747571363304e-182
3.399872449604791170e-182
1.906783180466231422e-182
1.068971599234243022e-182
5.990418827962575894e-183
3.355632367886492799e-183
1.878960837611973021e-183
1.051688798321268324e-183
5.884139148340926935e-184
3.290824992203770218e-184
1.839724558314799055e-184
1.028080190221585152e-184
5.742848275103396272e-185
3.206666984184897295e-185
1.789808410390899753e-185
9.985858207135873916e-186
5.569169191018380218e-186
3.104713965104569057e-186
1.730130828391246899e-186
9.637457160420287787e-187
5.366265337973842464e-187
2.986812714230015769e-187
1.661766525242575709e-187
9.241834509725469963e-188
5.137744879292464793e-188
2.855045599402647882e-188
1.585914351543983923e-188
8.805876206120820356e-189
4.887554225239183114e-189
2.711669572814517550e-189
1.503862443215499959e-189
8.336919835768364677e-190
4.619865200557817068e-190
2.559052221319367813e-190
1.416952067922580781e-190
7.842550730107769579e-191
4.338960337616529818e-191
2.399607387101602773e-191
1.326541577489266976e-191
7.330400600925716912e-192
4.049120656287852107e-192
2.235732774930486062e-192
1.233971800638396830e-192
6.807956044588765447e-193
3.754519959165673686e-193
2.069751748039731374e-193
1.140534075288190310e-193
6.282383421424765993e-194
3.459129157394190377e-194
1.903861203840784675e-194
1.047441933183760644e-194
5.760375506882593504e-195
3.166633487155570372e-195
1.740087036123787093e-195
9.558072252705152379e-196
5.248024008995441289e-196
2.880364724868766141e-196
1.580248258141292835e-196
8.666212288150631048e-197
4.750720636474412553e-197
2.603249708555911002e-197
1.425930408155865791e-197
7.807410221123665867e-198
4.273087969088116510e-198
2.337775671218869229e-198
1.278468412083508581e-198
6.988811642851457675e-199
3.818940006905578657e-199
2.085972133359530823e-199
1.138938660725029917e-199
6.216104891621336835e-200
3.391271027783612803e-200
1.849408423669900640e-200
1.008159691849472004e-200
5.493536241740093374e-201
2.992270319126368470e-201
1.629205328685880165e-201
8.867005652823156964e-202
4.823966854780734688e-202
2.623359510479573293e-202
1.426058933936962571e-202
7.748957920628738060e-203
4.208964838468099901e-203
2.285248640050087362e-203
1.240274420818544111e-203
6.728655309228706220e-204
3.648925039238437589e-204
1.978006746199497720e-204
1.071807425802914614e-204
5.805396959688430583e-205
3.143208910720177893e-205
1.701142673879645753e-205
9.203105438425596285e-206
4.976846230334698423e-206
2.690296915777027217e-206
1.453691902441482735e-206
7.851826511157824981e-207
4.239310095590181307e-207
2.287946378541380693e-207
1.234305501674136586e-207
6.656189136564680070e-208
3.588019623037548533e-208
1.933348436131192017e-208
1.041337767263573399e-208
5.606596147259484596e-209
3.017401453137916784e-209
1.623278671382315245e-209
8.729296318183242122e-210
4.692362505640069098e-210
2.521332036952419599e-210
1.354237060740574046e-210
7.270855500988583300e-211
3.902136874123167174e-211
2.093368334794725764e-211
1.122573972123536112e-211
6.017421768274360367e-212
3.224275204110042934e-212
1.726950622844038905e-212
9.246000309593781067e-213
4.948277572322213572e-213
2.647161081689310505e-213
1.415574893888749450e-213
7.566786845820325748e-214
4.043117055968625514e-214
2.159470603703500322e-214
1.152933993193238876e-214
6.153011944163791896e-215
3.282443341728504352e-215
1.750382187463081774e-215
9.330280453290900072e-216
4.971445439381158552e-216
2.647871000028333667e-216
1.409733873355721853e-216
7.502458702790230436e-217
3.991133531431751899e-217
2.122340537111711876e-217
1.128132333155484310e-217
5.994199461518252858e-218
3.183673337752995860e-218
1.690254017038348203e-218
8.970189533539338074e-219
4.758580586924675061e-219
2.523361101145139966e-219
1.337542361886937254e-219
7.086990550759461680e-220
3.753551060948162288e-220
1.987233816321277402e-220
1.051675546708823756e-220
5.563405933334150163e-221
2.941886335846296995e-221
1.555024354281147154e-221
8.216269341168411751e-222
4.339486147869528166e-222
2.291015943376271626e-222
1.209049503198892832e-222
6.378025051312028096e-223
3.363214175365571859e-223
1.772756127913033285e-223
9.340489403260645504e-224
4.919448689720981402e-224
2.589938220342814247e-224
1.362977041480274172e-224
7.169912284429276717e-225
3.770208004069988548e-225
1.981722981960985738e-225
1.041230178646734545e-225
5.468607006420776258e-226
2.870997725112086692e-226
1.506659618769321726e-226
7.903575659002492419e-227
4.144367390861334092e-227
2.172296222870423747e-227
1.138167060409251353e-227
5.961000310196592037e-228
3.120746144354072019e-228
1.633141847003201465e-228
8.543100945175440999e-229
4.467178796337060720e-229
2.334948460294492602e-229
1.219965161248565389e-229
6.371529890644317912e-230
3.326336546289164754e-230
1.735860482064696562e-230
9.055024120547372022e-231
4.721615013260970144e-231
2.461034494788056200e-231
1.282244943819170452e-231
6.678062138593599187e-232
3.476610862057436283e-232
1.809205402636111477e-232
9.411218045242531217e-233
4.893616834191176864e-233
2.543549850765714507e-233
1.321529044100654948e-233
6.863400425211081330e-234
3.563100962925501627e-234
1.849026290184331776e-234
9.591448740133941950e-235
4.973378360881836952e-235
2.577774700715658759e-235
1.335563618143087312e-235
6.916882039813879632e-236
3.580818634742723678e-236
1.853021451332822765e-236
9.585278487201631844e-237
4.956272655763032667e-237
2.561720896192645145e-237
1.323532463766774903e-237
6.835393984244203065e-238
3.528731967726483329e-238
1.820958122413757917e-238
9.393066799677485929e-239
4.843296200129478023e-239
2.496323213217862259e-239
1.286135621724002610e-239
6.623673016145082266e-240
3.409864875452641336e-240
1.754694925049367414e-240
9.025935736003065199e-241
4.640972771462923738e-241
2.385349222787930783e-241
1.225521927414865659e-241
6.293849714846659007e-242
3.231006392769161624e-242
1.658003459392633477e-242
8.504704212516075712e-243
4.360729637263292178e-243
2.235039874260256132e-243
1.145084552572615444e-243
5.864297614428337364e-244
3.002068626112048881e-244
1.536212856020969704e-244
7.857933352681427303e-245
4.017829037050948356e-245
2.053528485507171721e-245
1.049146597053868111e-245
5.357939278346294081e-246
2.735177812700013258e-246
1.395723878669528547e-246
7.119338109138545225e-247
3.629993900182931706e-247
1.850113354779469283e-247
9.425772364294068554e-248
4.800226417072725185e-248
2.443614336675341602e-248
1.243454139977476130e-248
6.324891023404423649e-249
3.215899646378577124e-249
1.634474295638096238e-249
8.303857133224670293e-250
4.217040854153954321e-250
2.140730095272743955e-250
1.086281009239962684e-250
5.509962282287577205e-251
2.793709413317772573e-251
1.415924194079311652e-251
7.173398217383617041e-252
3.632754460733112104e-252
1.838964371740355081e-252
9.305436548744717363e-253
4.706806617147818251e-253
2.379809122072121790e-253
1.202774081028375435e-253
6.076481261826234337e-254
3.068643460471819893e-254
1.549055101912854854e-254
7.816520436364435560e-255
3.942631934315798108e-255
1.987857136070436620e-255
1.001867455816483679e-255
5.047328090418015545e-256
2.541785915867496554e-256
1.279506711257856529e-256
6.438316670607557764e-257
3.238383408120211048e-257
1.628209798535957262e-257
8.183114511949425308e-258
4.111052846401713196e-258
2.064494151169129321e-258
1.036335607736758858e-258
5.200119816952710306e-259
2.608269402471466874e-259
1.307728863444415536e-259
6.554040765348019797e-260
3.283422225662943395e-260
1.644260013077864527e-260
8.230769190501240788e-261
4.118475791890719367e-261
2.059959956594809559e-261
1.029928806392461325e-261
5.147327468464527444e-262
2.571476490848717294e-262
1.284131455083900683e-262
6.410067113156538341e-263
3.198466712807162432e-263
1.595317981336619376e-263
7.953876651069560121e-264
3.964027049596141818e-264
1.974788244907080934e-264
9.834009505735760378e-265
4.895159876270986553e-265
2.435730887821801239e-265
1.211484586025355570e-265
6.023274400005608526e-266
2.993460767779571987e-266
1.487101662222186303e-266
7.384717969736177089e-267
3.665669743489533343e-267
1.818858534713082280e-267
9.021332210740051293e-268
4.472687915810217720e-268
2.216627324570711746e-268
1.098102639049817689e-268
5.437751468781336445e-269
2.691670779037098744e-269
1.331835821291462849e-269
6.587272198549483752e-270
3.256767039966495959e-270
1.609510984234714129e-270
7.951102681553871239e-271
3.926331330114365568e-271
